티커,공매도잔고,상장주식수,공매도금액,시가총액,비중,시장
095570,89022,45252759,421074060,214045550070.0,0.2,KOSPI
006840,0,13247561,0,103330975800.0,0.0,KOSPI
027410,61900,95716791,288454000,446040246060.0,0.06,KOSPI
282330,10086,17283906,1305128400,2236537436400.0,0.06,KOSPI
138930,57285,310327033,1012225950,5483478673110.0,0.02,KOSPI
001460,6211,6246150,262104200,263587530000.0,0.1,KOSPI
001465,0,2153850,0,64938577500.0,0.0,KOSPI
001040,338837,29176998,58584917300,5044702954200.0,1.16,KOSPI
079160,1442424,165582385,6721695840,771613914100.0,0.87,KOSPI
00104K,0,4226512,0,649192243200.0,0.0,KOSPI
000120,47526,22812344,4229814000,2030298616000.0,0.21,KOSPI
011150,436956,35930773,1022477040,84078008820.0,1.22,KOSPI
011155,0,200000,0,2602000000.0,0.0,KOSPI
001045,0,2260223,0,185338286000.0,0.0,KOSPI
097950,65903,15054186,13905533000,3176433246000.0,0.44,KOSPI
097955,0,1327433,0,172566290000.0,0.0,KOSPI
000480,0,46890490,0,226481066700.0,0.0,KOSPI
000590,0,1154482,0,88895114000.0,0.0,KOSPI
012030,807624,201173933,1938297600,482817439200.0,0.4,KOSPI
005830,6578,65500349,977490800,9733351861400.0,0.01,KOSPI
016610,12188,42446389,145646600,507234348550.0,0.03,KOSPI
000990,1589907,43504588,350574493500,9592761654000.0,3.65,KOSPI
000300,0,41437055,0,174035631000.0,0.0,KOSPI
001530,378576,20715621,10278338400,562429110150.0,1.83,KOSPI
015590,291095,53396308,727737500,133490770000.0,0.55,KOSPI
000210,15613,20955884,944586500,1267830982000.0,0.07,KOSPI
000215,0,1686115,0,43586072750.0,0.0,KOSPI
375500,838951,38693623,68710086900,3169007723700.0,2.17,KOSPI
37550L,0,2111951,0,105597550000.0,0.0,KOSPI
37550K,0,2113885,0,55700869750.0,0.0,KOSPI
007340,315810,58510865,14779908000,2738308482000.0,0.54,KOSPI
004840,0,19272364,0,95109116340.0,0.0,KOSPI
155660,0,16000000,0,68880000000.0,0.0,KOSPI
069730,0,14400000,0,77472000000.0,0.0,KOSPI
017860,295389,17759139,5712823260,343461748260.0,1.66,KOSPI
092780,0,13168460,0,66764092200.0,0.0,KOSPI
017940,8868,6860000,793686000,613970000000.0,0.13,KOSPI
365550,3121152,246089000,13093232640,1032343355000.0,1.27,KOSPI
383220,12366,38307075,908901000,2815570012500.0,0.03,KOSPI
007700,0,39114367,0,702885174990.0,0.0,KOSPI
114090,399140,61855670,4510282000,698969071000.0,0.65,KOSPI
078930,0,92915378,0,7154484106000.0,0.0,KOSPI
006360,5232422,85581490,166652640700,2725770456500.0,6.11,KOSPI
001250,250626,82533764,904759860,297946888040.0,0.3,KOSPI
007070,27359,83607415,742796850,2269941317250.0,0.03,KOSPI
078935,0,1784826,0,102092047200.0,0.0,KOSPI
499790,4500,19830841,198000000,872557004000.0,0.02,KOSPI
012630,92782,59741721,2110790500,1359124152750.0,0.16,KOSPI
039570,13854,25957601,109169520,204545895880.0,0.05,KOSPI
089470,0,31900000,0,143390500000.0,0.0,KOSPI
267270,0,47921897,0,7883152056500.0,0.0,KOSPI
009540,159163,70773116,70827535000,31494036620000.0,0.22,KOSPI
267250,0,78993085,0,22868498107500.0,0.0,KOSPI
443060,449336,44833460,115254684000,11499782490000.0,1.0,KOSPI
071970,4620,33921495,373758000,2744248945500.0,0.01,KOSPI
322000,99551,11200000,19820604100,2229920000000.0,0.89,KOSPI
267260,213435,36047135,245023380000,41382110980000.0,0.59,KOSPI
329180,2988619,104961225,2226521155000,78196112625000.0,2.85,KOSPI
097230,332478,90295344,7497378900,2036160007200.0,0.37,KOSPI
014790,0,37858601,0,108843477875.0,0.0,KOSPI
003580,0,50663505,0,91852934565.0,0.0,KOSPI
204320,505342,46957120,32038682800,2977081408000.0,1.08,KOSPI
060980,6021,9078847,279374400,421258500800.0,0.07,KOSPI
011200,7231090,943237970,146068018000,19053406994000.0,0.77,KOSPI
035000,0,16207644,0,118802030520.0,0.0,KOSPI
002460,0,10150000,0,122815000000.0,0.0,KOSPI
487570,9370,3725927,531279000,211260060900.0,0.25,KOSPI
298050,70232,4479948,16258708000,1037107962000.0,1.57,KOSPI
015360,12420,27250000,198223200,434910000000.0,0.05,KOSPI
294870,158962,65907330,3401786800,1410416862000.0,0.24,KOSPI
175330,50662,188253584,1281748600,4762815675200.0,0.03,KOSPI
204210,0,7826815,0,15927568525.0,0.0,KOSPI
234080,43173,15834554,509009670,186689391660.0,0.27,KOSPI
001060,19921,23285930,584681350,683442045500.0,0.09,KOSPI
001067,0,209973,0,10561641900.0,0.0,KOSPI
001065,0,341951,0,8617165200.0,0.0,KOSPI
096760,0,73924942,0,283502152570.0,0.0,KOSPI
008970,2213905,103766907,3584312195,167998622433.0,2.13,KOSPI
105560,116286,372850455,18291787800,58649376571500.0,0.03,KOSPI
415640,0,122545548,0,1243837312200.0,0.0,KOSPI
432320,0,150764285,0,236096870310.0,0.0,KOSPI
002380,7440,8592896,4278000000,4940915200000.0,0.09,KOSPI
344820,23943,15970512,630898050,420822991200.0,0.15,KOSPI
009070,152652,30000000,793790400,156000000000.0,0.51,KOSPI
009440,0,23239141,0,17568790596.0,0.0,KOSPI
119650,0,109785309,0,100782913662.0,0.0,KOSPI
092220,602692,40152628,3718609640,247741714760.0,1.5,KOSPI
003620,996017,202374912,3545820520,720454686720.0,0.49,KOSPI
016380,34100,100008897,233585000,685060944450.0,0.03,KOSPI
001390,242446,67233030,1251021360,346922434800.0,0.36,KOSPI
001940,0,14176380,0,331018473000.0,0.0,KOSPI
025000,0,4378709,0,227692868000.0,0.0,KOSPI
092230,0,4224646,0,363742020600.0,0.0,KOSPI
000040,0,86375184,0,32217943632.0,0.0,KOSPI
044450,144995,23085880,1547096650,246326339600.0,0.63,KOSPI
030200,1160380,252021685,62892596000,13659575327000.0,0.46,KOSPI
033780,0,103810456,0,18903884037600.0,0.0,KOSPI
058850,312264,41404450,810325080,107444547750.0,0.75,KOSPI
058860,53316,34802000,144752940,94487430000.0,0.15,KOSPI
093050,0,29240000,0,665210000000.0,0.0,KOSPI
003550,2121188,154221585,260269767600,18922988479500.0,1.38,KOSPI
034220,12292005,500000000,192124038150,7815000000000.0,2.46,KOSPI
051900,100235,15291262,25810512500,3937499965000.0,0.66,KOSPI
051905,0,2096259,0,219268691400.0,0.0,KOSPI
064400,724716,96885948,60078956400,8031845089200.0,0.75,KOSPI
373220,3234498,234000000,1292181951000,93483000000000.0,1.38,KOSPI
003555,0,3011199,0,228248884200.0,0.0,KOSPI
032640,2824124,429828355,43802163240,6666637786050.0,0.66,KOSPI
011070,8868,23667107,9471024000,25276470276000.0,0.04,KOSPI
066570,1803817,162884638,432014171500,39010870801000.0,1.11,KOSPI
066575,0,17181299,0,1415739037600.0,0.0,KOSPI
037560,0,77446865,0,169608634350.0,0.0,KOSPI
051910,22927,70592343,8047377000,24777912393000.0,0.03,KOSPI
051915,0,7688800,0,1285567360000.0,0.0,KOSPI
079550,10649,22000000,9722537000,20086000000000.0,0.05,KOSPI
006260,1822,31200000,1007566000,17253600000000.0,0.01,KOSPI
010120,441456,150000000,125814960000,42750000000000.0,0.29,KOSPI
000680,0,78803016,0,308513807640.0,0.0,KOSPI
229640,6000,30624879,487800000,2489802662700.0,0.02,KOSPI
108320,141278,16264300,8617958000,992122300000.0,0.87,KOSPI
001120,18250,38760000,808475000,1717068000000.0,0.05,KOSPI
108670,20553,8967670,754295100,329113489000.0,0.23,KOSPI
108675,0,1032330,0,18117391500.0,0.0,KOSPI
383800,313314,76280690,2973349860,723903748100.0,0.41,KOSPI
38380K,0,1465285,0,12044642700.0,0.0,KOSPI
023150,48000,7378526,190320000,29255855590.0,0.65,KOSPI
035420,589422,156873776,117884400000,31374755200000.0,0.38,KOSPI
036570,28372,21544022,7702998000,5849201973000.0,0.13,KOSPI
181710,79220,32753139,3014321000,1246256938950.0,0.24,KOSPI
400760,0,54929275,0,168632874250.0,0.0,KOSPI
005940,1284233,356344369,41095456000,11403019808000.0,0.36,KOSPI
005945,0,18870968,0,479322587200.0,0.0,KOSPI
338100,0,18660000,0,84436500000.0,0.0,KOSPI
034310,47492,36757157,615021400,476005183150.0,0.13,KOSPI
030190,279463,58911527,4021472570,847736873530.0,0.47,KOSPI
008260,124792,28600117,420549040,96382394290.0,0.44,KOSPI
004250,0,36720000,0,122828400000.0,0.0,KOSPI
004255,0,5280000,0,12091200000.0,0.0,KOSPI
456040,35321,8952495,4429253400,1122642873000.0,0.39,KOSPI
010060,326543,18670232,117555480000,6721283520000.0,1.75,KOSPI
178920,120043,29366322,3361204000,822257016000.0,0.41,KOSPI
001340,91487,44973248,560815310,275686010240.0,0.2,KOSPI
005490,14734,79241527,6512428000,35024754934000.0,0.02,KOSPI
010950,339067,112582792,37331276700,12395365399200.0,0.3,KOSPI
010955,0,4021927,0,223619141200.0,0.0,KOSPI
034120,0,18551238,0,264355141500.0,0.0,KOSPI
003080,0,20020000,0,48148100000.0,0.0,KOSPI
005090,24151,14409333,1241361400,740639716200.0,0.17,KOSPI
001380,0,22482071,0,41569349279.0,0.0,KOSPI
004060,41540,20242496,130227900,63460224960.0,0.21,KOSPI
001770,0,1214878,0,18672674860.0,0.0,KOSPI
002360,0,11113373,0,29117037260.0,0.0,KOSPI
009160,0,65370968,0,372614517600.0,0.0,KOSPI
033530,188508,27820961,1600432920,236199958890.0,0.68,KOSPI
123700,89751,15604898,332078700,57738122600.0,0.58,KOSPI
025530,0,14934008,0,55554509760.0,0.0,KOSPI
034730,4289,72502703,2813584000,47561773168000.0,0.01,KOSPI
011790,875471,37868298,133421780400,5771128615200.0,2.31,KOSPI
018670,45091,9257244,11272750000,2314311000000.0,0.49,KOSPI
001740,1808841,200593889,19752543720,2190485267880.0,0.9,KOSPI
006120,58393,17413751,3042275300,907256427100.0,0.34,KOSPI
006125,0,1231705,0,51362098500.0,0.0,KOSPI
210980,31750,18617382,387350000,227132060400.0,0.17,KOSPI
395400,1125132,301017620,6469509000,1730851315000.0,0.37,KOSPI
302440,1187485,78456553,50230615500,3318712191900.0,1.51,KOSPI
326030,1226161,78313250,118569768700,7572891275000.0,1.57,KOSPI
402340,42982,131958386,50761742000,155842853866000.0,0.03,KOSPI
361610,1707192,81787100,34314559200,1643920710000.0,2.09,KOSPI
100090,1788292,62478129,33709304200,1177712731650.0,2.86,KOSPI
03473K,397,566135,167137000,238342835000.0,0.07,KOSPI
096770,162023,169052788,19718199100,20573724299600.0,0.1,KOSPI
096775,0,1248426,0,87514662600.0,0.0,KOSPI
475150,297515,34067004,12941902500,1481914674000.0,0.87,KOSPI
001510,8435088,231295085,33656001120,922867389150.0,3.65,KOSPI
001515,0,1956257,0,14593677220.0,0.0,KOSPI
285130,85785,17298766,3967556250,800067927500.0,0.5,KOSPI
28513K,0,2115429,0,51722239050.0,0.0,KOSPI
017670,154015,214790053,15724931500,21930064411300.0,0.07,KOSPI
000660,37736,712702365,77434272000,1462465252980000.0,0.01,KOSPI
003570,191388,33252697,9234471000,1604442630250.0,0.58,KOSPI
064960,48477,26540272,1573078650,861231826400.0,0.18,KOSPI
100840,135404,20680783,6025478000,920294843500.0,0.65,KOSPI
036530,6463,16303886,347709400,877149066800.0,0.04,KOSPI
000390,480696,27203469,3658096560,207018399090.0,1.77,KOSPI
011810,43226,31017927,152587780,109493282310.0,0.14,KOSPI
465770,46174,7171032,149834630,23269998840.0,0.64,KOSPI
077970,111741,40148063,5335632750,1917070008250.0,0.28,KOSPI
002820,0,12607989,0,28494055140.0,0.0,KOSPI
002170,4696,3000000,258749600,165300000000.0,0.16,KOSPI
084870,0,20458256,0,41530259680.0,0.0,KOSPI
002710,407021,26213697,6919357000,445632849000.0,1.55,KOSPI
069260,392286,40878588,6919925040,721098292320.0,0.96,KOSPI
007980,108000,46897350,206712000,89761527900.0,0.23,KOSPI
002900,58995,41400000,446592150,313398000000.0,0.14,KOSPI
024070,0,15326438,0,31802358850.0,0.0,KOSPI
037270,743414,63663110,3055431540,261655382100.0,1.17,KOSPI
139130,50455,160624583,948049450,3018135914570.0,0.03,KOSPI
000500,81762,16543115,34626207000,7006009202500.0,0.49,KOSPI
000860,0,13000000,0,189020000000.0,0.0,KOSPI
035250,1835730,213940500,28582316100,3331053585000.0,0.86,KOSPI
011420,359609,27549644,595872113,45649760108.0,1.31,KOSPI
002100,26520,19522575,246636000,181559947500.0,0.14,KOSPI
009450,129169,14568592,9209749700,1038740609600.0,0.89,KOSPI
267290,21696,5895406,483820800,131467553800.0,0.37,KOSPI
012320,18320,2365023,1002104000,129366758100.0,0.77,KOSPI
000050,0,27415270,0,261267523100.0,0.0,KOSPI
214390,114324,23906860,699662880,146309983200.0,0.48,KOSPI
012610,203757,41616365,1159377330,236797116850.0,0.49,KOSPI
009140,0,1570797,0,43196917500.0,0.0,KOSPI
013580,34844,8930907,778763400,199605771450.0,0.39,KOSPI
012200,222216,27222829,1839948480,225405024120.0,0.82,KOSPI
012205,0,1169079,0,15303244110.0,0.0,KOSPI
002140,69027,24939425,160832910,58108860250.0,0.28,KOSPI
010130,85499,20872969,123460556000,30140567236000.0,0.41,KOSPI
002240,42463,27000000,910831350,579150000000.0,0.16,KOSPI
009290,321401,49799808,2317301210,359056615680.0,0.65,KOSPI
017040,481043,43337615,448332076,40390657180.0,1.11,KOSPI
017900,189767,57943763,2561854500,782240800500.0,0.33,KOSPI
037710,0,7627172,0,268095095800.0,0.0,KOSPI
030610,200420,113962961,2513266800,1429095530940.0,0.18,KOSPI
339770,52427,49965080,217309915,207105256600.0,0.1,KOSPI
007690,0,9260832,0,327833452800.0,0.0,KOSPI
002720,91170,21159832,361489050,83898733880.0,0.43,KOSPI
083420,179201,24000000,942597260,126240000000.0,0.75,KOSPI
014530,0,34869420,0,121345581600.0,0.0,KOSPI
014280,296404,29329357,1490912120,147526665710.0,1.01,KOSPI
014285,0,589875,0,4117327500.0,0.0,KOSPI
008870,0,1000000,0,44400000000.0,0.0,KOSPI
001570,77613,63967196,768368700,633275240400.0,0.12,KOSPI
002990,0,37259974,0,158541189370.0,0.0,KOSPI
002995,0,292266,0,4214475720.0,0.0,KOSPI
011780,83971,25157325,12570458700,3766051552500.0,0.33,KOSPI
011785,0,3023486,0,183525600200.0,0.0,KOSPI
214330,0,20913859,0,67133487390.0,0.0,KOSPI
001210,182946,61880083,126232740,42697257270.0,0.3,KOSPI
073240,1323483,287260287,6491684115,1409011707735.0,0.46,KOSPI
092440,0,29200000,0,61320000000.0,0.0,KOSPI
000270,133040,390412998,22217680000,65198970666000.0,0.03,KOSPI
024110,1605791,797425869,33480742350,16626329368650.0,0.2,KOSPI
013700,0,59750830,0,80962374650.0,0.0,KOSPI
004540,189345,37240693,341957070,67256691558.0,0.51,KOSPI
004545,0,366160,0,3661600000.0,0.0,KOSPI
001260,33552,9832572,288211680,84461793480.0,0.34,KOSPI
008350,1921627,129079090,3124565502,209882600340.0,1.49,KOSPI
008355,0,307890,0,3996412200.0,0.0,KOSPI
004270,0,3621216,0,25710633600.0,0.0,KOSPI
003920,5318,6000000,258188900,291300000000.0,0.09,KOSPI
003925,0,2000000,0,73000000000.0,0.0,KOSPI
025860,463034,49678843,3593143840,385507821680.0,0.93,KOSPI
005720,0,52543977,0,362028001530.0,0.0,KOSPI
005725,0,3600600,0,15950658000.0,0.0,KOSPI
002350,31095,97667877,206781750,649491382050.0,0.03,KOSPI
002355,0,6500000,0,26650000000.0,0.0,KOSPI
092790,488230,26002000,8666082500,461535500000.0,1.88,KOSPI
251270,297457,81934571,12493194000,3441251982000.0,0.36,KOSPI
090350,31054,20000000,252158480,162400000000.0,0.16,KOSPI
090355,0,463126,0,5789075000.0,0.0,KOSPI
000320,12070,13291151,234399400,258114152420.0,0.09,KOSPI
000325,0,243559,0,7026677150.0,0.0,KOSPI
006280,83773,11686538,11996293600,1673512241600.0,0.72,KOSPI
005250,938643,47028210,13291184880,665919453600.0,2.0,KOSPI
005257,0,845990,0,19965364000.0,0.0,KOSPI
004370,62696,6082642,24608180000,2387436985000.0,1.03,KOSPI
072710,18750,4637790,1783125000,441053829000.0,0.4,KOSPI
058730,154110,19948221,448460100,58049323110.0,0.77,KOSPI
030210,43136,60911106,169740160,239685202110.0,0.07,KOSPI
023590,132161,43287312,5656490800,1852696953600.0,0.31,KOSPI
145210,0,42236668,0,9461013632.0,0.0,KOSPI
483650,166057,12421540,35370141000,2645788020000.0,1.34,KOSPI
019680,91567,84702850,112352709,103930396950.0,0.11,KOSPI
019685,0,19426990,0,17328875080.0,0.0,KOSPI
006370,0,10821611,0,58328483290.0,0.0,KOSPI
008060,0,31287098,0,722731963800.0,0.0,KOSPI
00806K,0,1212357,0,16633538040.0,0.0,KOSPI
353200,0,49416925,0,8361343710000.0,0.0,KOSPI
35320K,0,2095519,0,90316868900.0,0.0,KOSPI
000490,502620,28826865,4639182600,266071963950.0,1.74,KOSPI
005750,75387,16592240,377688870,83127122400.0,0.45,KOSPI
006570,80700,15225000,157365000,29688750000.0,0.53,KOSPI
001680,321489,34648025,6285109950,677368888750.0,0.93,KOSPI
001685,0,1370223,0,21745439010.0,0.0,KOSPI
084690,63453,36212538,618666750,353072245500.0,0.18,KOSPI
084695,0,913482,0,12934905120.0,0.0,KOSPI
128820,418716,45235478,2637910800,284983511400.0,0.93,KOSPI
117580,118754,27500000,933406440,216150000000.0,0.43,KOSPI
016710,42591,16089459,331783890,125336885610.0,0.26,KOSPI
0030R0,0,59780000,0,252570500000.0,0.0,KOSPI
003540,187559,49219763,6208202900,1629174155300.0,0.38,KOSPI
003547,0,9803333,0,199987993200.0,0.0,KOSPI
003545,0,25191667,0,535322923750.0,0.0,KOSPI
009190,304937,43192625,548886600,77746725000.0,0.71,KOSPI
014160,541732,108394549,536856412,107418998059.0,0.5,KOSPI
047040,10146630,410907638,298818253500,12101229939100.0,2.47,KOSPI
003090,173259,58141980,3499831800,1174467996000.0,0.3,KOSPI
069620,42858,11586575,5772972600,1560711652500.0,0.37,KOSPI
000430,94684,62000000,437913500,286750000000.0,0.15,KOSPI
006340,1850898,78414416,26171697720,1108779842240.0,2.36,KOSPI
006345,27760,2621200,455264000,42987680000.0,1.06,KOSPI
003220,158405,22427583,1466830300,207679418580.0,0.71,KOSPI
024890,0,8249830,0,30441872700.0,0.0,KOSPI
012800,0,91140499,0,153024897821.0,0.0,KOSPI
015230,0,27143620,0,173176295600.0,0.0,KOSPI
001070,39917,5300000,243892870,32383000000.0,0.75,KOSPI
006650,14751,6500000,2004660900,883350000000.0,0.23,KOSPI
001440,723484,195992596,38561697200,10446405366800.0,0.37,KOSPI
084010,148539,34371596,1485390000,343715960000.0,0.43,KOSPI
001790,228647,86241915,615060430,231990751350.0,0.27,KOSPI
001795,0,6482760,0,14845520400.0,0.0,KOSPI
001130,17835,16900000,219370500,207870000000.0,0.11,KOSPI
439260,89221,38088730,6254392100,2670019973000.0,0.23,KOSPI
003490,1101491,368220661,30235927950,10107657144450.0,0.3,KOSPI
003495,0,1110794,0,26048119300.0,0.0,KOSPI
005880,1164237,322747340,2922234870,810095823400.0,0.36,KOSPI
003830,0,1328000,0,155774400000.0,0.0,KOSPI
016090,0,44282310,0,73154376120.0,0.0,KOSPI
069460,56553,17414390,150430980,46322277400.0,0.32,KOSPI
475560,51818,14827970,937905800,268386257000.0,0.35,KOSPI
192080,20158,21173468,1346554400,1414387662400.0,0.1,KOSPI
012510,0,31477993,0,3777359160000.0,0.0,KOSPI
004830,139742,15680000,564557680,63347200000.0,0.89,KOSPI
004835,0,1392000,0,8616480000.0,0.0,KOSPI
145720,2932,8623891,148066000,435506495500.0,0.03,KOSPI
002150,0,33720000,0,201645600000.0,0.0,KOSPI
460850,25665,29898656,152963400,178195989760.0,0.09,KOSPI
460860,419940,49608017,5026681800,593807963490.0,0.85,KOSPI
001230,35156,31800483,400778400,362525506200.0,0.11,KOSPI
023450,5496,3500000,162132000,103250000000.0,0.16,KOSPI
004140,1215711,47971766,2717114085,107216897010.0,2.53,KOSPI
007590,17100,13617577,102600000,81705462000.0,0.13,KOSPI
005960,65682,22946663,486046800,169805306200.0,0.29,KOSPI
005965,0,225732,0,4185071280.0,0.0,KOSPI
026960,1466905,99700000,36672625000,2492500000000.0,1.47,KOSPI
002210,0,96619507,0,94010780311.0,0.0,KOSPI
102260,0,50669591,0,207745323100.0,0.0,KOSPI
000640,0,6732527,0,607273935400.0,0.0,KOSPI
170900,23262,9727819,965373000,403704488500.0,0.24,KOSPI
028100,14899,13389502,233616320,209947391360.0,0.11,KOSPI
001520,756349,238684063,492383199,155383325013.0,0.32,KOSPI
001527,0,308569,0,2394495440.0,0.0,KOSPI
084670,40345,2895569,1740886750,124943802350.0,1.39,KOSPI
082640,0,156062581,0,1212606254370.0,0.0,KOSPI
001525,0,617731,0,2962020145.0,0.0,KOSPI
018500,70341,46754933,119579700,79483386100.0,0.15,KOSPI
006040,257127,44140819,9372279150,1608932852550.0,0.58,KOSPI
030720,22396,4653805,138855200,28853591000.0,0.48,KOSPI
014820,88727,28991282,2054030050,671148178300.0,0.31,KOSPI
014825,0,264111,0,4268033760.0,0.0,KOSPI
111380,18164,6128000,247938600,83647200000.0,0.3,KOSPI
163560,0,13900000,0,97578000000.0,0.0,KOSPI
004890,0,2425215,0,90824301750.0,0.0,KOSPI
002690,0,20300360,0,31323455480.0,0.0,KOSPI
000020,0,27931470,0,168706078800.0,0.0,KOSPI
000150,12658,16193835,22543898000,28841220135000.0,0.08,KOSPI
000157,422,893038,234210000,495636090000.0,0.05,KOSPI
454910,999726,64819980,106870709400,6929255862000.0,1.54,KOSPI
241560,94143,95856065,6401724000,6518212420000.0,0.1,KOSPI
034020,528888,640561146,59552788800,72127185039600.0,0.08,KOSPI
000155,522,3996462,330948000,2533756908000.0,0.01,KOSPI
336260,216709,65493726,21627558200,6536273854800.0,0.33,KOSPI
33626K,0,13364200,0,157029350000.0,0.0,KOSPI
33626L,0,2986300,0,35387655000.0,0.0,KOSPI
016740,62413,28674024,306447830,140789457840.0,0.22,KOSPI
192650,0,68974199,0,366942738680.0,0.0,KOSPI
024090,0,11400000,0,132354000000.0,0.0,KOSPI
003160,73201,28300000,2433933250,940975000000.0,0.26,KOSPI
092200,690043,38888569,6155183560,346886035480.0,1.77,KOSPI
377190,0,88400000,0,235586000000.0,0.0,KOSPI
013570,102121,26319633,458523290,118175152170.0,0.39,KOSPI
024900,0,32564980,0,64641485300.0,0.0,KOSPI
002880,0,46773995,0,37419196000.0,0.0,KOSPI
210540,0,11041708,0,153921409520.0,0.0,KOSPI
032350,77026,79601474,1447318540,1495711696460.0,0.1,KOSPI
089860,199169,36309388,6273823500,1143745722000.0,0.55,KOSPI
330590,1918451,288968884,7520327920,1132758025280.0,0.66,KOSPI
000400,410047,310336320,953359275,721531944000.0,0.13,KOSPI
023530,254392,28288755,40321132000,4483767667500.0,0.9,KOSPI
020150,469097,52365463,27254535700,3042433400300.0,0.9,KOSPI
280360,25786,9204574,3009226200,1074173785800.0,0.28,KOSPI
286940,40250,15129367,817075000,307126150100.0,0.27,KOSPI
004000,8946,25800000,486662400,1403520000000.0,0.03,KOSPI
004990,521563,99663776,13717106900,2621157308800.0,0.52,KOSPI
00499K,0,805603,0,21751281000.0,0.0,KOSPI
005300,30930,9278884,3488904000,1046658115200.0,0.33,KOSPI
005305,0,775310,0,59078622000.0,0.0,KOSPI
011170,45064,42775419,3762844000,3571747486500.0,0.11,KOSPI
071840,0,23607712,0,165017906880.0,0.0,KOSPI
027740,0,31755614,0,48744867490.0,0.0,KOSPI
357430,0,30505307,0,26570122397.0,0.0,KOSPI
001080,0,41500000,0,219535000000.0,0.0,KOSPI
088980,602811,478921993,6679145880,5306455682440.0,0.13,KOSPI
094800,0,92834331,0,538439119800.0,0.0,KOSPI
138040,1864556,167347273,198575214000,17822484574500.0,1.11,KOSPI
090370,0,24904689,0,32376095700.0,0.0,KOSPI
118000,0,17177736,0,28085598360.0,0.0,KOSPI
017180,240233,33953454,377165810,53306922780.0,0.71,KOSPI
009900,1400366,52470133,15165963780,568251540390.0,2.67,KOSPI
317450,20082,14600000,1002091800,728540000000.0,0.14,KOSPI
012690,255345,36571255,510690000,73142510000.0,0.7,KOSPI
005360,94043,18897307,140688328,28270371272.0,0.5,KOSPI
070960,352423,48133333,977973825,133569999075.0,0.73,KOSPI
009680,0,21733094,0,222329551620.0,0.0,KOSPI
009580,644838,62368324,1425091980,137833996040.0,1.03,KOSPI
009200,415849,41609310,711517639,71193529410.0,1.0,KOSPI
033920,0,28500000,0,227715000000.0,0.0,KOSPI
008420,46405,20503505,107195550,47363096550.0,0.23,KOSPI
025560,22265,5090828,790407500,180724394000.0,0.44,KOSPI
007120,0,28878608,0,41180895008.0,0.0,KOSPI
396690,0,39605940,0,59012850600.0,0.0,KOSPI
357250,0,24995105,0,53989426800.0,0.0,KOSPI
085620,795215,135180000,12254263150,2083123800000.0,0.59,KOSPI
006800,17132561,559566880,1146168330900,37435024272000.0,3.06,KOSPI
00680K,138055,136500000,2409059750,2381925000000.0,0.1,KOSPI
006805,0,14075750,0,268987582500.0,0.0,KOSPI
081660,9871,53091840,388423850,2089163904000.0,0.02,KOSPI
002840,6676,4750000,813804400,579025000000.0,0.14,KOSPI
268280,1141,5000000,116382000,510000000000.0,0.02,KOSPI
107590,3699,2320000,212322600,133168000000.0,0.16,KOSPI
134380,9995,21992680,109845050,241699553200.0,0.05,KOSPI
003650,1598,1739672,204544000,222678016000.0,0.09,KOSPI
377740,20770,101886048,104888500,514524542400.0,0.02,KOSPI
003610,0,36202158,0,186803135280.0,0.0,KOSPI
035150,99080,20028841,1108705200,224122730790.0,0.49,KOSPI
002410,0,27479820,0,53173451700.0,0.0,KOSPI
007210,459233,65360000,815138575,116014000000.0,0.7,KOSPI
002760,1004701,59900000,1017762113,60678700000.0,1.68,KOSPI
003850,49051,85787207,462550930,808973362010.0,0.06,KOSPI
000890,93331,27624025,143729740,42540998500.0,0.34,KOSPI
003000,0,98664671,0,516016229330.0,0.0,KOSPI
001270,36990,10369886,2396952000,671968612800.0,0.36,KOSPI
001275,0,3000000,0,96000000000.0,0.0,KOSPI
026940,43672,20000000,102410840,46900000000.0,0.22,KOSPI
011390,0,1056000,0,59347200000.0,0.0,KOSPI
005030,0,92782988,0,45092532168.0,0.0,KOSPI
006740,0,56975588,0,33558621332.0,0.0,KOSPI
002070,0,2404344,0,20917792800.0,0.0,KOSPI
100220,0,12996741,0,76160902260.0,0.0,KOSPI
090460,78168,33711538,3142353600,1355203827600.0,0.23,KOSPI
005180,164472,9269031,11907772800,671077844400.0,1.77,KOSPI
003960,52472,9164467,1545300400,269893553150.0,0.57,KOSPI
008040,670845,141144600,619189935,130276465800.0,0.48,KOSPI
007160,9764,5000000,472577600,242000000000.0,0.2,KOSPI
014710,26066,17218543,198622920,131205297660.0,0.15,KOSPI
006090,27378,9422739,225047160,77454914580.0,0.29,KOSPI
062040,72402,30615850,19838148000,8388742900000.0,0.24,KOSPI
005610,22447,8629009,988790350,380107846450.0,0.26,KOSPI
001470,0,229681824,0,79699592928.0,0.0,KOSPI
028050,664523,196000000,36282955800,10701600000000.0,0.34,KOSPI
448730,0,91050000,0,504417000000.0,0.0,KOSPI
006400,14226,80585530,9133092000,51735910260000.0,0.02,KOSPI
006405,1277,1617896,393954500,499120916000.0,0.08,KOSPI
006660,69139,8126314,825519660,97028189160.0,0.85,KOSPI
028260,214528,162167581,88171008000,66650875791000.0,0.13,KOSPI
02826K,0,1467590,0,332409135000.0,0.0,KOSPI
207940,120911,46290951,172298175000,65964605175000.0,0.26,KOSPI
032830,491506,200000000,171044088000,69600000000000.0,0.25,KOSPI
018260,901627,77377800,181677840500,15591626700000.0,1.17,KOSPI
0126Z0,410855,24883049,201318950000,12192694010000.0,1.65,KOSPI
009150,138980,74693696,218476560000,117418490112000.0,0.19,KOSPI
009155,0,2906984,0,1531980568000.0,0.0,KOSPI
005930,0,5846278608,0,1748037303792000.0,0.0,KOSPI
005935,0,802371203,0,150203889201600.0,0.0,KOSPI
001360,1010960,94162079,1637755200,152542567980.0,1.07,KOSPI
010140,5759439,880000000,175374917550,26796000000000.0,0.65,KOSPI
016360,129828,89300000,16462190400,11323240000000.0,0.15,KOSPI
068290,0,10000000,0,71800000000.0,0.0,KOSPI
029780,56958,115858891,2714048700,5520676156150.0,0.05,KOSPI
000810,52687,44647473,30611147000,25940181813000.0,0.12,KOSPI
000815,0,3007020,0,1178751840000.0,0.0,KOSPI
006110,4547,15123455,413777000,1376234405000.0,0.03,KOSPI
0120G0,120237,7435870,7851476100,485562311000.0,1.62,KOSPI
145990,18841,10313449,830888100,454823100900.0,0.18,KOSPI
145995,0,370070,0,11731219000.0,0.0,KOSPI
003230,326319,7533015,422909424000,9762787440000.0,4.33,KOSPI
272550,129231,15068406,1305233100,152190900600.0,0.86,KOSPI
000070,0,7763191,0,454922992600.0,0.0,KOSPI
003720,180613,34000000,2393122250,450500000000.0,0.53,KOSPI
002810,0,18466948,0,394269339800.0,0.0,KOSPI
005680,50936,20000000,850631200,334000000000.0,0.25,KOSPI
023000,0,39739956,0,90805799460.0,0.0,KOSPI
004380,103550,20700000,1384463500,276759000000.0,0.5,KOSPI
002450,0,90530915,0,119138684140.0,0.0,KOSPI
004440,20147,12731947,118464360,74863848360.0,0.16,KOSPI
000520,290140,21691811,2178951400,162905500610.0,1.34,KOSPI
009770,0,2499971,0,70624180750.0,0.0,KOSPI
005500,95415,13320000,2032339500,283716000000.0,0.72,KOSPI
004690,2116,3626777,266192800,456248546600.0,0.06,KOSPI
010960,0,24120000,0,82369800000.0,0.0,KOSPI
004450,0,2154379,0,58275951950.0,0.0,KOSPI
009470,39879,6613820,1786579200,296299136000.0,0.6,KOSPI
011230,55242,19165785,192242160,66696931800.0,0.29,KOSPI
001820,310310,10395000,41147106000,1378377000000.0,2.99,KOSPI
001290,520849,108337120,582830031,121229237280.0,0.48,KOSPI
041650,40211,21471450,103543325,55288983750.0,0.19,KOSPI
075180,0,19200000,0,55680000000.0,0.0,KOSPI
007540,0,2875800,0,133005750000.0,0.0,KOSPI
248170,0,4568286,0,113978735700.0,0.0,KOSPI
007860,29295,23479844,273615300,219301742960.0,0.12,KOSPI
200880,278453,27028437,3926187300,381100961700.0,1.03,KOSPI
017390,0,4950000,0,296505000000.0,0.0,KOSPI
031210,19993,69821598,897685700,3134989750200.0,0.03,KOSPI
004410,437016,39455013,529226376,47780020743.0,1.11,KOSPI
004415,0,222450,0,2084356500.0,0.0,KOSPI
021050,80749,47474590,121930990,71686630900.0,0.17,KOSPI
008490,14151,11569113,324765450,265511143350.0,0.12,KOSPI
007610,271840,18000000,2721118400,180180000000.0,1.51,KOSPI
136490,32996,23779604,339198880,244454329120.0,0.14,KOSPI
014910,152218,21857257,497752860,71473230390.0,0.7,KOSPI
014915,0,600000,0,3066000000.0,0.0,KOSPI
004980,248713,24516073,2320492290,228734961090.0,1.01,KOSPI
004985,0,735645,0,8077382100.0,0.0,KOSPI
000180,18502,13950320,110641960,83422913600.0,0.13,KOSPI
002420,0,5969948,0,38446465120.0,0.0,KOSPI
004360,40441,19115603,568196050,268574222150.0,0.21,KOSPI
004365,0,3689250,0,34752735000.0,0.0,KOSPI
004490,117381,13860000,6831574200,806652000000.0,0.85,KOSPI
001430,526903,35862119,34196004700,2327451523100.0,1.47,KOSPI
306200,16679,2836300,2553554900,434237530000.0,0.59,KOSPI
003030,4402,4141657,788838400,742184934400.0,0.11,KOSPI
058650,5897,4242236,929367200,668576393600.0,0.14,KOSPI
013000,0,28705031,0,39928698121.0,0.0,KOSPI
021820,0,10000000,0,127400000000.0,0.0,KOSPI
067830,0,41040895,0,111015620975.0,0.0,KOSPI
075580,339715,56849456,5832906550,976105159520.0,0.6,KOSPI
068270,263823,222122341,51445485000,43313856495000.0,0.12,KOSPI
336370,385991,70217344,4215021720,766773396480.0,0.55,KOSPI
33637K,0,16908766,0,36353846900.0,0.0,KOSPI
33637L,0,3778296,0,11826066480.0,0.0,KOSPI
248070,667555,47816236,14352432500,1028049074000.0,1.4,KOSPI
004430,25226,24000000,294135160,279840000000.0,0.11,KOSPI
017550,464853,62399130,1334128110,179085503100.0,0.74,KOSPI
126720,36809,14286000,1045375600,405722400000.0,0.26,KOSPI
053210,0,47522955,0,210289075875.0,0.0,KOSPI
026890,143238,38770837,1227549660,332266073090.0,0.37,KOSPI
134790,0,2000000,0,38220000000.0,0.0,KOSPI
462870,616271,58654340,17902672550,1703908577000.0,1.05,KOSPI
016590,203480,40297820,2181305600,431992630400.0,0.5,KOSPI
029530,2708,9715729,114683800,411461123150.0,0.03,KOSPI
004970,0,16000000,0,146880000000.0,0.0,KOSPI
011930,388976,20584815,11319201600,599018116500.0,1.89,KOSPI
004170,1476,9445181,774900000,4958720025000.0,0.02,KOSPI
035510,102082,13980900,1658832500,227189625000.0,0.73,KOSPI
031430,22119,34986000,306569340,484905960000.0,0.06,KOSPI
031440,0,3872480,0,181232064000.0,0.0,KOSPI
006880,20367,11828858,123831360,71919456640.0,0.17,KOSPI
005800,0,9000000,0,128520000000.0,0.0,KOSPI
001720,98175,16440000,17759857500,2973996000000.0,0.6,KOSPI
009270,210684,114770393,237651552,129461003304.0,0.18,KOSPI
002700,670030,70047521,875729210,91552109947.0,0.96,KOSPI
002870,0,34958700,0,38244817800.0,0.0,KOSPI
019170,717014,52418522,7793942180,569789334140.0,1.37,KOSPI
019175,0,1991230,0,34647402000.0,0.0,KOSPI
481850,0,43477664,0,43434186336.0,0.0,KOSPI
404990,0,61232584,0,233908470880.0,0.0,KOSPI
293940,149286,120940123,821073000,665170676500.0,0.12,KOSPI
055550,176752,474654361,16968192000,45566818656000.0,0.04,KOSPI
004080,0,9400000,0,129250000000.0,0.0,KOSPI
004770,162598,35507438,267311112,58374228072.0,0.46,KOSPI
403550,0,32841902,0,449934057400.0,0.0,KOSPI
004920,0,52179872,0,55101944832.0,0.0,KOSPI
112610,274134,42171403,14090487600,2167610114200.0,0.65,KOSPI
480370,0,32481408,0,63663559680.0,0.0,KOSPI
308170,27995,8610000,126817350,39003300000.0,0.33,KOSPI
008700,771364,77124820,965747728,96560274640.0,1.0,KOSPI
090430,979789,58492759,116300954300,6943090493300.0,1.68,KOSPI
090435,0,10557830,0,418617959500.0,0.0,KOSPI
002790,194821,76458180,4685445050,1838819229000.0,0.25,KOSPI
00279K,0,7092200,0,149645420000.0,0.0,KOSPI
002795,0,6381172,0,69873833400.0,0.0,KOSPI
002030,5845,2058852,1277132500,449859162000.0,0.28,KOSPI
183190,123222,36506428,1253167740,371270372760.0,0.34,KOSPI
002310,246289,39449510,1982626450,317568555500.0,0.62,KOSPI
012170,0,19393296,0,20362960800.0,0.0,KOSPI
267850,10340,11100000,106088400,113886000000.0,0.09,KOSPI
020560,250431,205990711,1898266980,1561409589380.0,0.12,KOSPI
122900,15184,33428840,109932160,242024801600.0,0.05,KOSPI
010780,40811,30186976,1340641350,991642161600.0,0.14,KOSPI
031820,0,12105146,0,91999109600.0,0.0,KOSPI
139990,80489,38755414,242271890,116653796140.0,0.21,KOSPI
009320,119200,49299770,115743200,47870076670.0,0.24,KOSPI
001780,947779,96830132,2355230815,240622878020.0,0.98,KOSPI
018250,310415,26409935,3970207850,337783068650.0,1.18,KOSPI
161000,749628,48648709,11012035320,714649535210.0,1.54,KOSPI
011090,0,11998328,0,18249456888.0,0.0,KOSPI
137310,1588408,120749102,13358511280,1015499947820.0,1.32,KOSPI
005850,237169,46448520,17953693300,3516152964000.0,0.51,KOSPI
010580,256698,111251760,569869560,246978907200.0,0.23,KOSPI
012750,290468,37999178,20042292000,2621943282000.0,0.76,KOSPI
023960,0,38035975,0,43513155400.0,0.0,KOSPI
298690,0,116640000,0,221965920000.0,0.0,KOSPI
140910,0,4463032,0,13969290160.0,0.0,KOSPI
078520,140967,26014161,1866403080,344427491640.0,0.54,KOSPI
015260,0,47116894,0,28694188446.0,0.0,KOSPI
007460,183845,22422602,816271800,99556352880.0,0.82,KOSPI
003060,82436,14412374,293059980,51235989570.0,0.57,KOSPI
244920,42239,22607693,480679820,257275546340.0,0.19,KOSPI
278470,192015,37438155,74789842500,14582161372500.0,0.51,KOSPI
450080,1061124,70705607,71625870000,4772628472500.0,1.5,KOSPI
019490,269500,76432270,145799500,41349858070.0,0.35,KOSPI
085310,566552,74180743,662299288,86717288567.0,0.76,KOSPI
900140,500576,193240432,745858240,287928243680.0,0.26,KOSPI
066970,486096,40455487,76608729600,6375784751200.0,1.2,KOSPI
097520,54408,17401500,1245943200,398494350000.0,0.31,KOSPI
484870,1422,9153900,118026000,759773700000.0,0.02,KOSPI
014440,27112,20000000,124308520,91700000000.0,0.14,KOSPI
111770,97752,44311468,8093865600,3668989550400.0,0.22,KOSPI
009970,79727,13499237,15498928800,2624251672800.0,0.59,KOSPI
003520,2657752,182892731,3816531872,262633961716.0,1.45,KOSPI
000670,9329,18410683,507497600,1001541155200.0,0.05,KOSPI
012280,0,49524505,0,45958740640.0,0.0,KOSPI
012160,0,78103517,0,32725373623.0,0.0,KOSPI
007310,52513,4007830,17959446000,1370677860000.0,1.31,KOSPI
002630,931589,118583005,449957487,57275591415.0,0.79,KOSPI
271560,37833,39536132,5194470900,5428310923600.0,0.1,KOSPI
001800,47232,62645422,1194969600,1584929176600.0,0.08,KOSPI
005320,0,34187845,0,38461325625.0,0.0,KOSPI
011690,117056,36704394,709359360,222428627640.0,0.32,KOSPI
316140,169047,734076320,5232004650,22719662104000.0,0.02,KOSPI
006980,6760,3090000,133307200,60934800000.0,0.22,KOSPI
011300,0,15856381,0,40671617265.0,0.0,KOSPI
017370,31221,18314054,159539310,93584815940.0,0.17,KOSPI
105840,185446,20197670,4098356600,446368507000.0,0.92,KOSPI
010400,0,7622000,0,29687690000.0,0.0,KOSPI
049800,0,20000000,0,43400000000.0,0.0,KOSPI
016880,122800,79927080,281826000,183432648600.0,0.15,KOSPI
095720,59290,56827085,101208030,97003834095.0,0.1,KOSPI
005820,8596,2297970,129197880,34538489100.0,0.37,KOSPI
008600,0,6723603,0,17615839860.0,0.0,KOSPI
033270,83510,15910775,1594205900,303736694750.0,0.52,KOSPI
014830,30226,6767600,2182317200,488620720000.0,0.45,KOSPI
446070,96732,10611215,264078360,28968616950.0,0.91,KOSPI
000910,57500,15611619,221662500,60182791245.0,0.37,KOSPI
047400,404737,42000000,584440228,60648000000.0,0.96,KOSPI
011330,200000,90187837,105800000,47709365773.0,0.22,KOSPI
077500,72227,21600102,577093730,172584814980.0,0.33,KOSPI
002920,0,25947500,0,46731447500.0,0.0,KOSPI
000700,0,26041812,0,147396655920.0,0.0,KOSPI
003470,170031,199596576,957274530,1123728722880.0,0.09,KOSPI
003475,0,12912212,0,57265660220.0,0.0,KOSPI
072130,0,12695454,0,60811224660.0,0.0,KOSPI
000220,0,17032351,0,66511330655.0,0.0,KOSPI
000225,0,2266930,0,9770468300.0,0.0,KOSPI
000227,0,325560,0,3447680400.0,0.0,KOSPI
001200,486979,96866418,2512811640,499830716880.0,0.5,KOSPI
000100,795342,79647601,68240343600,6833764165800.0,1.0,KOSPI
000105,1823,1180940,133261300,86326714000.0,0.15,KOSPI
003460,79905,56702415,255296475,181164215925.0,0.14,KOSPI
003465,0,17476425,0,57497438250.0,0.0,KOSPI
008730,89956,24800000,1929556200,531960000000.0,0.36,KOSPI
008250,53185,10952635,189072675,38936617425.0,0.49,KOSPI
025820,158329,33442000,948390710,200317580000.0,0.47,KOSPI
214320,11000,40000000,225500000,820000000000.0,0.03,KOSPI
088260,0,63341590,0,277119456250.0,0.0,KOSPI
139480,280430,27595819,25995861000,2558132421300.0,1.02,KOSPI
457190,798936,30218872,79973493600,3024909087200.0,2.64,KOSPI
007660,12581,73409219,1757565700,10255267894300.0,0.02,KOSPI
005950,135391,26294169,2235305410,434116730190.0,0.51,KOSPI
015020,0,42851600,0,19883142400.0,0.0,KOSPI
074610,0,8770137,0,44815400070.0,0.0,KOSPI
102460,172969,18586811,2018548230,216908084370.0,0.93,KOSPI
084680,383740,141806193,585203500,216254444325.0,0.27,KOSPI
350520,0,36866202,0,128847375990.0,0.0,KOSPI
334890,150277,69448683,601859385,278141975415.0,0.22,KOSPI
000760,0,2800000,0,41776000000.0,0.0,KOSPI
014990,0,75112995,0,43189972125.0,0.0,KOSPI
101140,0,10044216,0,67798458000.0,0.0,KOSPI
006490,2313743,145886117,911614742,57479130098.0,1.59,KOSPI
023800,0,15809197,0,111771022790.0,0.0,KOSPI
034590,0,4374754,0,116368456400.0,0.0,KOSPI
129260,92564,29747874,200401060,64404147210.0,0.31,KOSPI
023810,40584,10000000,262172640,64600000000.0,0.41,KOSPI
249420,230221,31638252,5133928300,705533019600.0,0.73,KOSPI
000230,41209,11540400,335853350,94054260000.0,0.36,KOSPI
013360,272648,54024880,415515552,82333917120.0,0.5,KOSPI
003120,6153,13300000,123367650,266665000000.0,0.05,KOSPI
003200,14991,22960000,164001540,251182400000.0,0.07,KOSPI
007110,537714,77456610,674831070,97208045550.0,0.69,KOSPI
007570,10689,19085664,103148850,184176657600.0,0.06,KOSPI
007575,0,445080,0,3965662800.0,0.0,KOSPI
008500,0,6000000,0,11682000000.0,0.0,KOSPI
081000,32969,14202975,402881180,173560354500.0,0.23,KOSPI
020760,0,56523761,0,50984432422.0,0.0,KOSPI
103590,106262,47685390,11253145800,5049882801000.0,0.22,KOSPI
271940,153782,36313190,2291351800,541066531000.0,0.42,KOSPI
015860,0,49347483,0,501863902110.0,0.0,KOSPI
226320,112606,21929315,1359154420,264686832050.0,0.51,KOSPI
317400,0,38782520,0,152221391000.0,0.0,KOSPI
033240,39454,21605502,1899710100,1040304921300.0,0.18,KOSPI
000950,5419,1680000,149293450,46284000000.0,0.32,KOSPI
079900,114403,14592545,7035784500,897441517500.0,0.78,KOSPI
348950,285392,197376000,337333344,233298432000.0,0.14,KOSPI
194370,44457,29016758,529927440,345879755360.0,0.15,KOSPI
030000,636794,115041225,11997198960,2167376679000.0,0.55,KOSPI
271980,0,14704872,0,180428779440.0,0.0,KOSPI
001560,0,7600000,0,80028000000.0,0.0,KOSPI
002620,0,15973355,0,136252718150.0,0.0,KOSPI
006220,134559,37798557,1484185770,416918083710.0,0.36,KOSPI
089590,262682,80640985,1331797740,408849793950.0,0.33,KOSPI
004910,30664,12800000,122962640,51328000000.0,0.24,KOSPI
004700,4083,6649138,260903700,424879918200.0,0.06,KOSPI
001550,10060,5192239,124744000,64383763600.0,0.19,KOSPI
462520,13496,11855168,198526160,174389521280.0,0.11,KOSPI
120030,0,1257651,0,120860261100.0,0.0,KOSPI
018470,1491721,126631721,2079459074,176524619074.0,1.18,KOSPI
002600,0,600000,0,84480000000.0,0.0,KOSPI
185750,127567,13802780,10179846600,1101461844000.0,0.92,KOSPI
063160,58693,5485962,1052365490,98363298660.0,1.07,KOSPI
001630,0,5009861,0,229451633800.0,0.0,KOSPI
109070,211974,52810230,324320220,80799651900.0,0.4,KOSPI
044380,0,12896316,0,24141903552.0,0.0,KOSPI
013890,254374,21925813,2660752040,229344003980.0,1.16,KOSPI
013870,0,19072280,0,82106165400.0,0.0,KOSPI
071320,16173,11578744,1161221400,831353819200.0,0.14,KOSPI
088790,74700,12447744,222232500,37032038400.0,0.6,KOSPI
003780,90340,13000000,487836000,70200000000.0,0.69,KOSPI
010640,0,16700000,0,35738000000.0,0.0,KOSPI
100250,55000,63900000,165275000,192019500000.0,0.09,KOSPI
051630,0,21200000,0,40958400000.0,0.0,KOSPI
272450,37879,52200000,235228590,324162000000.0,0.07,KOSPI
011000,3753968,90882907,4865142528,117784247472.0,4.13,KOSPI
002780,811219,145471745,866381892,155363823660.0,0.56,KOSPI
002787,0,294808,0,2358464000.0,0.0,KOSPI
002785,0,857218,0,2708808880.0,0.0,KOSPI
025620,65496,18203973,494494800,137439996150.0,0.36,KOSPI
009310,0,4377014,0,23329484620.0,0.0,KOSPI
000650,3233,1429220,737124000,325862160000.0,0.23,KOSPI
033250,0,6400000,0,26624000000.0,0.0,KOSPI
035720,1610154,441690614,66740883300,18308075950300.0,0.36,KOSPI
323410,9660512,477120437,216395468800,10687497788800.0,2.02,KOSPI
377300,454932,135256275,22086948600,6566692151250.0,0.34,KOSPI
006380,0,168999996,0,618539985360.0,0.0,KOSPI
279570,2306643,405695151,13078665810,2300291506170.0,0.57,KOSPI
001620,0,22258606,0,58985305900.0,0.0,KOSPI
029460,11474,11020535,412490300,396188233250.0,0.1,KOSPI
281820,48547,19798661,3524512200,1437382788600.0,0.25,KOSPI
381970,172114,48820848,1679832640,476491476480.0,0.35,KOSPI
145270,0,48060774,0,39265652358.0,0.0,KOSPI
417310,0,40400000,0,408444000000.0,0.0,KOSPI
357120,89770,97335354,406209250,440442476850.0,0.09,KOSPI
007815,0,2964690,0,65223180000.0,0.0,KOSPI
007810,30183,23982620,3326166600,2642884724000.0,0.13,KOSPI
00781K,0,783699,0,15203760600.0,0.0,KOSPI
003690,23900,176721031,332927000,2461723961830.0,0.01,KOSPI
192820,477938,11349509,86697953200,2058800932600.0,4.21,KOSPI
044820,0,9603921,0,182090342160.0,0.0,KOSPI
005070,1122475,33214571,63756580000,1886587632800.0,3.38,KOSPI
005420,757843,38408228,11632890050,589566299800.0,1.97,KOSPI
071950,0,12459195,0,25105277925.0,0.0,KOSPI
002020,37890,12907680,2538630000,864814560000.0,0.29,KOSPI
003070,39613,25423959,396130000,254239590000.0,0.16,KOSPI
003075,0,740737,0,10748093870.0,0.0,KOSPI
002025,0,1160437,0,35973547000.0,0.0,KOSPI
120110,171166,29946032,13094199000,2290871448000.0,0.57,KOSPI
120115,0,2767860,0,74732220000.0,0.0,KOSPI
021240,0,70767426,0,6630907816200.0,0.0,KOSPI
036420,41988,19262308,232193640,106520563240.0,0.22,KOSPI
024720,203151,34296259,1946186580,328558161220.0,0.59,KOSPI
192400,9291,35562185,238314150,912170045250.0,0.03,KOSPI
284740,16700,22437330,380760000,511571124000.0,0.07,KOSPI
264900,12741,12523850,105750300,103947955000.0,0.1,KOSPI
26490K,0,773560,0,6900155200.0,0.0,KOSPI
005740,23500,14847347,155805000,98437910610.0,0.16,KOSPI
005745,0,600726,0,4175045700.0,0.0,KOSPI
259960,153659,46132393,40028169500,12017488376500.0,0.33,KOSPI
020120,28068,37063766,109044180,143992730910.0,0.08,KOSPI
039490,0,26228316,0,10504440558000.0,0.0,KOSPI
014580,171646,27583100,773265230,124261865500.0,0.62,KOSPI
015890,46408,29228750,230879800,145413031250.0,0.16,KOSPI
006890,126734,11600000,982188500,89900000000.0,1.09,KOSPI
003240,3649,1113400,3718331000,1134554600000.0,0.33,KOSPI
011280,523123,70805940,966208181,130778571180.0,0.74,KOSPI
004100,121270,36700000,361990950,109549500000.0,0.33,KOSPI
004105,0,3300000,0,13233000000.0,0.0,KOSPI
009410,450002,297590078,797853546,527627208294.0,0.15,KOSPI
009415,0,649974,0,6194252220.0,0.0,KOSPI
001420,0,7600000,0,22040000000.0,0.0,KOSPI
055490,0,4769650,0,87046112500.0,0.0,KOSPI
078000,0,9240077,0,136291135750.0,0.0,KOSPI
214420,255586,24054799,1676644160,157799481440.0,1.06,KOSPI
091810,692827,412969485,628394089,374563322895.0,0.17,KOSPI
019180,39843,18000000,385680240,174240000000.0,0.22,KOSPI
217590,96465,24094225,2604555000,650544075000.0,0.4,KOSPI
363280,62259,45497333,143195700,104643865900.0,0.14,KOSPI
36328K,0,1174949,0,4488305180.0,0.0,KOSPI
004870,0,113163494,0,40738857840.0,0.0,KOSPI
034230,1782197,92629382,25610170890,1331084219340.0,1.92,KOSPI
005690,503817,60004014,8383514880,998466792960.0,0.84,KOSPI
036580,0,36727943,0,100450924105.0,0.0,KOSPI
004720,112408,21954502,406916960,79475297240.0,0.51,KOSPI
028670,494616,534569512,2938019040,3175342901280.0,0.09,KOSPI
010820,425828,48771938,4560617880,522347455980.0,0.87,KOSPI
016800,0,11500000,0,339825000000.0,0.0,KOSPI
001020,0,177983313,0,119960752962.0,0.0,KOSPI
090080,162959,54902259,162144205,54627747705.0,0.3,KOSPI
010770,0,14625466,0,75759913880.0,0.0,KOSPI
022100,3274559,152034729,106259439550,4933526956050.0,2.15,KOSPI
058430,295578,60000000,1936035900,393000000000.0,0.49,KOSPI
047050,1402727,175922788,95806254100,12015526420400.0,0.8,KOSPI
003670,2764270,88946220,664806935000,21391565910000.0,3.11,KOSPI
017810,176946,38120542,1893322200,407889799400.0,0.46,KOSPI
103140,370319,28024278,32551040100,2463334036200.0,1.32,KOSPI
005810,101396,14417292,4263701800,606247128600.0,0.7,KOSPI
950210,0,60096155,0,450721162500.0,0.0,KOSPI
009810,0,15188750,0,33643081250.0,0.0,KOSPI
086790,17283,274367748,2073960000,32924129760000.0,0.01,KOSPI
293480,85034,17772946,847788980,177196271620.0,0.48,KOSPI
039130,303928,15489932,11594853200,590940905800.0,1.96,KOSPI
352820,1058319,43102249,249763284000,10172130764000.0,2.46,KOSPI
071090,98621,20191471,384128795,78645779545.0,0.49,KOSPI
000080,2420844,70133611,39992342880,1158607253720.0,3.45,KOSPI
000087,0,1130138,0,15426383700.0,0.0,KOSPI
000140,28685,23206765,248985800,201434720200.0,0.12,KOSPI
000145,0,470810,0,4849343000.0,0.0,KOSPI
036460,288456,92313000,10644026400,3406349700000.0,0.31,KOSPI
005430,4168,3166355,335524000,254891577500.0,0.13,KOSPI
071050,44845,55725992,11323362500,14070812980000.0,0.08,KOSPI
071055,4889,5858251,837485700,1003518396300.0,0.08,KOSPI
010040,58800,41067062,102606000,71662023190.0,0.14,KOSPI
025540,3400,10115000,285260000,848648500000.0,0.03,KOSPI
010100,463420,30450420,2187342400,143725982400.0,1.52,KOSPI
004090,9753,12694120,130397610,169720384400.0,0.08,KOSPI
002200,50054,38000000,131391750,99750000000.0,0.13,KOSPI
002960,8532,1300000,4411044000,672100000000.0,0.66,KOSPI
000240,144937,94935240,3536462800,2316419856000.0,0.15,KOSPI
123890,196619,122373926,470902505,293085552770.0,0.16,KOSPI
015760,1682515,641964077,68057731750,25967446914650.0,0.26,KOSPI
006200,0,9360627,0,29392368780.0,0.0,KOSPI
027970,0,190150720,0,136338066240.0,0.0,KOSPI
023350,0,10950000,0,54695250000.0,0.0,KOSPI
025890,0,11144616,0,21899170440.0,0.0,KOSPI
000970,0,22800500,0,156183425000.0,0.0,KOSPI
104700,89718,36450000,845143560,343359000000.0,0.25,KOSPI
017960,314183,51676486,11467679500,1886191739000.0,0.61,KOSPI
161890,64994,23605077,5836461200,2119735914600.0,0.28,KOSPI
161390,33709,123875069,2143892400,7878454388400.0,0.03,KOSPI
034830,690800,252489230,940178800,343637842030.0,0.27,KOSPI
007280,0,30406655,0,77536970250.0,0.0,KOSPI
047810,2839573,97475107,482443452700,16561020679300.0,2.91,KOSPI
123690,356465,16068000,2819638150,127097880000.0,2.22,KOSPI
003350,117026,22660000,1108236220,214590200000.0,0.52,KOSPI
011500,190793,15637042,3854018600,315868248400.0,1.22,KOSPI
002390,50756,13763533,444622560,120568549080.0,0.37,KOSPI
053690,86648,10957550,1962577200,248188507500.0,0.79,KOSPI
042700,6349785,95312200,2089079265000,31357713800000.0,6.66,KOSPI
008930,189824,68391550,6292665600,2267179882500.0,0.28,KOSPI
128940,40385,12810991,18940565000,6008354779000.0,0.32,KOSPI
009240,323196,23533928,10164514200,740142035600.0,1.37,KOSPI
020000,0,21476994,0,496118561400.0,0.0,KOSPI
003680,0,6209515,0,30799194400.0,0.0,KOSPI
105630,105012,40000000,973461240,370800000000.0,0.26,KOSPI
069640,0,22403251,0,30109969344.0,0.0,KOSPI
016450,0,40000000,0,175800000000.0,0.0,KOSPI
009180,38533,28155825,114635675,83763579375.0,0.14,KOSPI
213500,53323,23800576,366329010,163509957120.0,0.22,KOSPI
014680,274999,11370195,84012194500,3473594572500.0,2.42,KOSPI
004710,122614,31417517,1864958940,477860433570.0,0.39,KOSPI
004150,255230,41026620,1034957650,166362944100.0,0.62,KOSPI
025750,0,16113029,0,36979401555.0,0.0,KOSPI
004960,125025,11570702,1555311000,143939532880.0,1.08,KOSPI
011700,328849,32446151,1193721870,117779528130.0,1.01,KOSPI
001750,17596,12728534,424063600,306757669400.0,0.14,KOSPI
001755,0,525000,0,12731250000.0,0.0,KOSPI
018880,2793252,1026262552,14636640480,5377615772480.0,0.27,KOSPI
009420,943002,52240638,55731418200,3087421705800.0,1.81,KOSPI
014130,0,12000000,0,29340000000.0,0.0,KOSPI
300720,1015630,73545209,15315700400,1109061751720.0,1.38,KOSPI
002220,58411,26697460,274531700,125478062000.0,0.22,KOSPI
003300,113202,30832884,1885945320,513675847440.0,0.37,KOSPI
051600,310395,45000000,16761330000,2430000000000.0,0.69,KOSPI
052690,72669,38220000,10602407100,5576298000000.0,0.19,KOSPI
130660,278293,32600000,4218921880,494216000000.0,0.85,KOSPI
002320,39742,15518616,703433400,274679503200.0,0.26,KOSPI
003480,40000,29529812,217600000,160642177280.0,0.14,KOSPI
180640,1545404,66762279,179575944800,7757776819800.0,2.31,KOSPI
18064K,0,536766,0,16371363000.0,0.0,KOSPI
005110,0,21106407,0,26467434378.0,0.0,KOSPI
009460,0,11933497,0,25836021005.0,0.0,KOSPI
372910,289945,27674406,655275700,62544157560.0,1.05,KOSPI
000880,278973,70507919,41343798600,10449273595800.0,0.4,KOSPI
00088K,3148,19404441,159918400,985745602800.0,0.02,KOSPI
452260,1379997,193859610,4346990550,610657771500.0,0.71,KOSPI
45226K,0,2904470,0,19866574800.0,0.0,KOSPI
451800,107207,179600000,581061940,973432000000.0,0.06,KOSPI
489790,1141407,50488390,82409585400,3645261758000.0,2.26,KOSPI
088350,7419076,868530000,40063010400,4690062000000.0,0.85,KOSPI
000370,193929,116738915,1386592350,834683242250.0,0.17,KOSPI
009830,1116000,171892536,49606200000,7640623225200.0,0.65,KOSPI
009835,8730,2575349,220432500,65027562250.0,0.34,KOSPI
272210,2450581,188919389,281816815000,21725729735000.0,1.3,KOSPI
012450,40196,51563401,50285196000,64505814651000.0,0.08,KOSPI
082740,104264,83447142,8174297600,6542255932800.0,0.12,KOSPI
042660,2065541,306413394,278228372700,41273884171800.0,0.67,KOSPI
003530,3457998,214547775,23168586600,1437470092500.0,1.61,KOSPI
003535,0,4800000,0,38352000000.0,0.0,KOSPI
195870,23524,17000000,2408857600,1740800000000.0,0.14,KOSPI
101530,0,29116822,0,184891819700.0,0.0,KOSPI
143210,0,21875747,0,26229020653.0,0.0,KOSPI
000720,1368551,111355765,208019752000,16926076280000.0,1.23,KOSPI
000725,0,1054693,0,68555045000.0,0.0,KOSPI
453340,10727,32471587,190726060,577344816860.0,0.03,KOSPI
086280,152548,75000000,36001328000,17700000000000.0,0.2,KOSPI
064350,52977,109142293,11337078000,23356450702000.0,0.05,KOSPI
079430,103977,20114202,699765210,135368579460.0,0.52,KOSPI
012330,248354,90732583,164907056000,60246435112000.0,0.27,KOSPI
069960,53063,21564912,5683047300,2309602075200.0,0.25,KOSPI
004560,134456,15078811,2218524000,248800381500.0,0.89,KOSPI
004310,230062,32000000,1679452600,233600000000.0,0.72,KOSPI
017800,4441,39092385,374376300,3295488055500.0,0.01,KOSPI
307950,261150,27423982,166613700000,17496500516000.0,0.95,KOSPI
011210,300235,27195083,27591596500,2499228127700.0,1.1,KOSPI
004020,472573,133445785,19895323300,5618067548500.0,0.35,KOSPI
005440,3325947,155904301,46297182240,2170187869920.0,2.13,KOSPI
005380,3828298,204757766,2637697322000,141078100774000.0,1.87,KOSPI
005387,0,34963930,0,9545152890000.0,0.0,KOSPI
005389,920,2327452,242420000,613283602000.0,0.04,KOSPI
005385,9692,23340960,2689530000,6477116400000.0,0.04,KOSPI
001500,585829,61833044,6127771340,646773640240.0,0.95,KOSPI
011760,10869,13228966,311940300,379671324200.0,0.08,KOSPI
227840,0,9100836,0,115580617200.0,0.0,KOSPI
126560,0,109201040,0,325419099200.0,0.0,KOSPI
001450,96982,85248250,3598032200,3162710075000.0,0.11,KOSPI
057050,0,12000000,0,985200000000.0,0.0,KOSPI
093240,293514,61390259,240974994,50401402639.0,0.48,KOSPI
003010,80265,12712747,473563500,75005207300.0,0.63,KOSPI
111110,14200,9376000,101388000,66944640000.0,0.15,KOSPI
008770,283805,39248121,16006602000,2213594024400.0,0.72,KOSPI
008775,0,751879,0,26766892400.0,0.0,KOSPI
378850,0,18993623,0,67902202225.0,0.0,KOSPI
241590,391297,60589276,1492798055,231148087940.0,0.65,KOSPI
006060,100632,55320000,300889680,165406800000.0,0.18,KOSPI
013520,0,50051252,0,140143505600.0,0.0,KOSPI
010690,602791,34920410,7510775860,435108308600.0,1.73,KOSPI
133820,0,37114502,0,46801387022.0,0.0,KOSPI
010660,118294,22000000,553615920,102960000000.0,0.54,KOSPI
000850,8218,2200000,313516700,83930000000.0,0.37,KOSPI
016580,0,18600070,0,201810759500.0,0.0,KOSPI
032560,26156,17000000,158505360,103020000000.0,0.15,KOSPI
004800,67965,16740407,14816370000,3649408726000.0,0.41,KOSPI
094280,21609,11558200,267519420,143090516000.0,0.19,KOSPI
298040,3372,9324548,12928248000,35750317032000.0,0.04,KOSPI
298020,3357,4327682,1354549500,1746219687000.0,0.08,KOSPI
298000,0,3791811,0,147501447900.0,0.0,KOSPI
093370,1096379,107255330,14143289100,1383593757000.0,1.02,KOSPI
005870,32578,14116015,223810860,96977023050.0,0.23,KOSPI
079980,0,34500000,0,83145000000.0,0.0,KOSPI
005010,640524,56188075,3650986800,320272027500.0,1.14,KOSPI
000540,67326,64242645,263581290,251509955175.0,0.1,KOSPI
000545,0,768000,0,5107200000.0,0.0,KOSPI
003280,976873,240424899,2324957740,572211259620.0,0.41,KOSPI
060310,519613,53059040,778899887,79535500960.0,0.98,KOSDAQ
054620,87047,18394221,477888030,100984273290.0,0.47,KOSDAQ
079810,192283,21528094,965260660,108071031880.0,0.89,KOSDAQ
265520,21140,15050821,578179000,411639954350.0,0.14,KOSDAQ
211270,70693,15082304,1300044270,277363570560.0,0.47,KOSDAQ
126600,382269,62766899,1441154130,236631209230.0,0.61,KOSDAQ
083790,165984,76894182,188723808,87428684934.0,0.22,KOSDAQ
035760,148541,21929154,6112462150,902384687100.0,0.68,KOSDAQ
311690,0,13065462,0,77086225800.0,0.0,KOSDAQ
051500,23658,11871586,568974900,285511643300.0,0.2,KOSDAQ
058820,344229,147842183,471593730,202543790710.0,0.23,KOSDAQ
056730,0,14822237,0,31423142440.0,0.0,KOSDAQ
065770,0,9705565,0,28146138500.0,0.0,KOSDAQ
083660,0,62829459,0,18157713651.0,0.0,KOSDAQ
477760,0,5840000,0,13023200000.0,0.0,KOSDAQ
099520,0,45281824,0,58141862016.0,0.0,KOSDAQ
290120,46900,15824249,131320000,44307897200.0,0.3,KOSDAQ
025440,0,48781224,0,38878635528.0,0.0,KOSDAQ
068790,0,22570224,0,165665444160.0,0.0,KOSDAQ
241520,346866,26600000,4852655340,372134000000.0,1.3,KOSDAQ
180400,185139,98429432,595221885,316450623880.0,0.19,KOSDAQ
418620,0,19850477,0,25964423916.0,0.0,KOSDAQ
245620,0,138493951,0,57474989665.0,0.0,KOSDAQ
037370,23896,8624972,109921600,39674871200.0,0.28,KOSDAQ
050120,48666,13564086,136994790,38182902090.0,0.36,KOSDAQ
214270,0,45254585,0,64487783625.0,0.0,KOSDAQ
032620,94169,52197139,336183330,186343786230.0,0.18,KOSDAQ
130500,0,14545052,0,33817245900.0,0.0,KOSDAQ
900290,0,81800000,0,292026000000.0,0.0,KOSDAQ
083450,29075,18430000,1724147500,1092899000000.0,0.16,KOSDAQ
297890,186958,73140914,439351300,171881147900.0,0.26,KOSDAQ
440290,0,27506430,0,54655276410.0,0.0,KOSDAQ
078150,1483380,92715916,6467536800,404241393760.0,1.6,KOSDAQ
225530,142522,36338727,401912040,102475210140.0,0.39,KOSDAQ
060560,69800,25388001,186017000,67659022665.0,0.27,KOSDAQ
376270,4047,7186187,235940100,418954702100.0,0.06,KOSDAQ
195940,11839,28329891,548145700,1311673953300.0,0.04,KOSDAQ
028300,7333012,133198223,384249828800,6979586885200.0,5.51,KOSDAQ
278650,101699,17432396,406796000,69729584000.0,0.58,KOSDAQ
067630,1005649,121917058,3539884480,429148044160.0,0.82,KOSDAQ
024850,88809,31733098,1664280660,594678256520.0,0.28,KOSDAQ
187420,0,32554286,0,77153657820.0,0.0,KOSDAQ
047920,259236,32799356,3395991600,429671563600.0,0.79,KOSDAQ
115450,255604,88580109,743807640,257768117190.0,0.29,KOSDAQ
046210,128748,45527960,215652900,76259333000.0,0.28,KOSDAQ
196300,0,9376439,0,57102513510.0,0.0,KOSDAQ
403870,1250771,82300000,75171337100,4946230000000.0,1.52,KOSDAQ
036640,0,16354800,0,81937548000.0,0.0,KOSDAQ
467930,0,4230000,0,8904150000.0,0.0,KOSDAQ
469480,0,4230000,0,10596150000.0,0.0,KOSDAQ
0099X0,0,5980000,0,12737400000.0,0.0,KOSDAQ
095340,239112,21197058,57386880000,5087293920000.0,1.13,KOSDAQ
950170,72679,51746348,355036915,252780909980.0,0.14,KOSDAQ
067290,415822,56037103,664067734,89491253491.0,0.74,KOSDAQ
035900,232426,35532492,13945560000,2131949520000.0,0.65,KOSDAQ
318000,50995,8740223,199645425,34217973045.0,0.58,KOSDAQ
024840,175975,40228655,1275818750,291657748750.0,0.44,KOSDAQ
024120,0,11500000,0,41687500000.0,0.0,KOSDAQ
464680,0,12905000,0,27165025000.0,0.0,KOSDAQ
478390,0,6220000,0,12875400000.0,0.0,KOSDAQ
486630,0,5310000,0,10885500000.0,0.0,KOSDAQ
492220,0,6210000,0,12699450000.0,0.0,KOSDAQ
0037T0,0,6330000,0,12691650000.0,0.0,KOSDAQ
0072Z0,0,7885000,0,15746345000.0,0.0,KOSDAQ
021320,54575,21400000,330178750,129470000000.0,0.26,KOSDAQ
044180,0,26717799,0,5477148795.0,0.0,KOSDAQ
151860,42978,47603002,264314700,292758462300.0,0.09,KOSDAQ
035600,164721,27554434,1694979090,283535125860.0,0.6,KOSDAQ
046440,27808,38010802,122633280,167627636820.0,0.07,KOSDAQ
060720,284299,23677442,3818135570,317988046060.0,1.2,KOSDAQ
058400,0,132429720,0,83165864160.0,0.0,KOSDAQ
101000,269333,39641948,202807749,29850386844.0,0.68,KOSDAQ
089600,42138,11568163,471102840,129332062340.0,0.36,KOSDAQ
418470,41716,8565789,440103800,90369073950.0,0.49,KOSDAQ
043610,93400,58115438,149720200,93159047114.0,0.16,KOSDAQ
122450,0,44819834,0,140061981250.0,0.0,KOSDAQ
052900,1087068,69481232,2239360080,143131337920.0,1.56,KOSDAQ
036560,0,15750000,0,208687500000.0,0.0,KOSDAQ
061970,137945,58083006,918713700,386832819960.0,0.24,KOSDAQ
309960,0,23217239,0,118407918900.0,0.0,KOSDAQ
073490,64960,7603846,3101840000,363083646500.0,0.85,KOSDAQ
225190,1172584,70468440,2415523040,145164986400.0,1.66,KOSDAQ
060370,435985,52238854,15978850250,1914553999100.0,0.83,KOSDAQ
417200,7552,67652659,179360000,1606750651250.0,0.01,KOSDAQ
078020,60843,55481190,433202160,395026072800.0,0.11,KOSDAQ
322180,43997,20921984,329537530,156705660160.0,0.21,KOSDAQ
476080,44739,8077000,247406670,44665810000.0,0.55,KOSDAQ
086960,912871,41076968,3254385115,146439390920.0,2.22,KOSDAQ
160550,103034,27906106,149399300,40463853700.0,0.37,KOSDAQ
053290,0,16526307,0,28045142979.0,0.0,KOSDAQ
060250,269965,40160611,5061843750,753011456250.0,0.67,KOSDAQ
104200,64652,14827550,239212400,54861935000.0,0.44,KOSDAQ
054050,0,16030561,0,119107068230.0,0.0,KOSDAQ
063570,0,34147728,0,131810230080.0,0.0,KOSDAQ
222160,0,9894439,0,79551289560.0,0.0,KOSDAQ
024940,0,10000000,0,27450000000.0,0.0,KOSDAQ
332570,478060,46711563,6071362000,593236850100.0,1.02,KOSDAQ
218410,3022,26553442,311870400,2740315214400.0,0.01,KOSDAQ
327260,12943,8495135,1260648200,827426149000.0,0.15,KOSDAQ
474610,48568,14307648,705207360,207747048960.0,0.34,KOSDAQ
091340,0,11703721,0,30429674600.0,0.0,KOSDAQ
419530,197897,10029487,5501536600,278819738600.0,1.97,KOSDAQ
019550,225536,162066575,143891968,103398474850.0,0.14,KOSDAQ
246960,70250,34017047,119846500,58033082182.0,0.21,KOSDAQ
099220,437421,64944350,474601785,70464619750.0,0.67,KOSDAQ
036540,1197300,164460303,13182273000,1810707936030.0,0.73,KOSDAQ
255220,2098617,109563302,4721888250,246517429500.0,1.92,KOSDAQ
040610,27158,17043598,101163550,63487402550.0,0.16,KOSDAQ
184230,67872,18887979,278275200,77440713900.0,0.36,KOSDAQ
016250,0,5036986,0,69107447920.0,0.0,KOSDAQ
357880,258291,51997604,1387022670,279227133480.0,0.5,KOSDAQ
048550,835092,96714620,830081448,96134332280.0,0.86,KOSDAQ
063440,189701,45319364,245473094,58643257016.0,0.42,KOSDAQ
067160,94089,11494767,4789130100,585083640300.0,0.82,KOSDAQ
289080,256781,60138233,858932445,201162389385.0,0.43,KOSDAQ
041930,31995,15200000,226524600,107616000000.0,0.21,KOSDAQ
013720,289351,60828143,145832904,30657384072.0,0.48,KOSDAQ
089230,426918,37421354,1344791700,117877265100.0,1.14,KOSDAQ
032540,0,20897413,0,72514023110.0,0.0,KOSDAQ
048770,97570,15697991,652743300,105019559790.0,0.62,KOSDAQ
246690,381481,47438344,487151237,60578765288.0,0.8,KOSDAQ
317240,0,29176711,0,34574402535.0,0.0,KOSDAQ
057030,58874,16312697,138353900,38334837950.0,0.36,KOSDAQ
040300,0,47676980,0,138263242000.0,0.0,KOSDAQ
051390,0,11355368,0,51099156000.0,0.0,KOSDAQ
052220,96185,23000000,247676375,59225000000.0,0.42,KOSDAQ
079940,10917,13420684,346068900,425435682800.0,0.08,KOSDAQ
078890,137162,18424943,1182336440,158823008660.0,0.74,KOSDAQ
399720,282616,11838844,17861331200,748214940800.0,2.39,KOSDAQ
036620,0,90503771,0,461569232100.0,0.0,KOSDAQ
198440,191600,60931896,197922800,62942648568.0,0.31,KOSDAQ
217730,688204,94054149,2216016880,302854359780.0,0.73,KOSDAQ
114190,538476,26123038,6730950000,326537975000.0,2.06,KOSDAQ
094480,312989,39229838,2159624100,270685882200.0,0.8,KOSDAQ
039240,91758,26979604,231688950,68123500100.0,0.34,KOSDAQ
053950,84849,15629471,201092130,37041846270.0,0.54,KOSDAQ
011040,0,30768766,0,162151396820.0,0.0,KOSDAQ
024910,236220,35819005,472440000,71638010000.0,0.66,KOSDAQ
049720,0,14300000,0,140426000000.0,0.0,KOSDAQ
014570,0,11000000,0,39930000000.0,0.0,KOSDAQ
348150,204719,19418889,857772610,81365144910.0,1.05,KOSDAQ
950190,0,13017059,0,97107260140.0,0.0,KOSDAQ
098460,559006,68654755,22807444800,2801114004000.0,0.81,KOSDAQ
035290,0,23838240,0,18140900640.0,0.0,KOSDAQ
215000,199132,6275415,8781721200,276745801500.0,3.17,KOSDAQ
121440,181573,42836818,852485235,201118860510.0,0.42,KOSDAQ
366030,79285,22653850,443996000,126861560000.0,0.35,KOSDAQ
029480,306652,59719132,616370520,120035455320.0,0.51,KOSDAQ
026910,48000,6405405,136800000,18255404250.0,0.75,KOSDAQ
465320,0,3810000,0,8896350000.0,0.0,KOSDAQ
482520,0,6100000,0,12444000000.0,0.0,KOSDAQ
489210,0,5180000,0,10826200000.0,0.0,KOSDAQ
0041B0,0,5040000,0,10256400000.0,0.0,KOSDAQ
0098T0,0,5400000,0,10908000000.0,0.0,KOSDAQ
0132G0,0,5970000,0,11934030000.0,0.0,KOSDAQ
053270,0,27410405,0,61947515300.0,0.0,KOSDAQ
066620,0,7500000,0,181875000000.0,0.0,KOSDAQ
043650,0,17858304,0,69736677120.0,0.0,KOSDAQ
006050,0,34895243,0,33987966682.0,0.0,KOSDAQ
060480,0,11090000,0,18542480000.0,0.0,KOSDAQ
078130,262844,112740587,1019834720,437433477560.0,0.23,KOSDAQ
307750,386780,53986288,1202885800,167897355680.0,0.72,KOSDAQ
035080,0,11431284,0,115913219760.0,0.0,KOSDAQ
318060,74593,11173177,1961795900,293854555100.0,0.67,KOSDAQ
453450,54908,7942750,1131104800,163620650000.0,0.69,KOSDAQ
204020,0,19450832,0,44736913600.0,0.0,KOSDAQ
0015G0,113567,11702541,3037917250,313042971750.0,0.97,KOSDAQ
402490,161310,16935217,2877770400,302124271280.0,0.95,KOSDAQ
114450,368548,20000000,1111172220,60300000000.0,1.84,KOSDAQ
186230,0,10920188,0,45209578320.0,0.0,KOSDAQ
900070,0,53743968,0,32783820480.0,0.0,KOSDAQ
204620,403699,70283330,1857015400,323303318000.0,0.57,KOSDAQ
019660,0,13944333,0,26884674024.0,0.0,KOSDAQ
053260,29391,18720000,170761710,108763200000.0,0.16,KOSDAQ
282720,24471,12119500,260860860,129193870000.0,0.2,KOSDAQ
036190,4150,6000000,139025000,201000000000.0,0.07,KOSDAQ
049080,678538,84883347,1013735772,126815720418.0,0.8,KOSDAQ
420770,0,12675758,0,1802492787600.0,0.0,KOSDAQ
035460,66093,14920340,249831540,56398885200.0,0.44,KOSDAQ
407400,126631,14634534,385591395,44562156030.0,0.87,KOSDAQ
187790,166303,30840830,1139175550,211259685500.0,0.54,KOSDAQ
121600,166390,12253691,11963441000,881040382900.0,1.36,KOSDAQ
286750,0,32028857,0,44840399800.0,0.0,KOSDAQ
247660,0,4343920,0,21328647200.0,0.0,KOSDAQ
039860,371386,38093053,2035195280,208749930440.0,0.97,KOSDAQ
091970,0,37673903,0,28519144571.0,0.0,KOSDAQ
417010,206022,20172728,2163231000,211813644000.0,1.02,KOSDAQ
405920,0,12878076,0,31100553540.0,0.0,KOSDAQ
478340,157367,11533591,4988533900,365614834700.0,1.36,KOSDAQ
051490,0,14200000,0,49416000000.0,0.0,KOSDAQ
137080,20996,11059422,108339360,57066617520.0,0.19,KOSDAQ
190510,190319,14085317,3657931180,270719792740.0,1.35,KOSDAQ
242040,346067,34606264,2176761430,217673400560.0,1.0,KOSDAQ
293580,397948,94929950,855588200,204099392500.0,0.42,KOSDAQ
459510,174884,12978382,4573216600,339384689300.0,1.35,KOSDAQ
138610,40131,11367793,918999900,260322459700.0,0.35,KOSDAQ
130580,0,15400000,0,83930000000.0,0.0,KOSDAQ
036800,26486,10000000,757499600,286000000000.0,0.26,KOSDAQ
267320,1352274,57415295,4462504200,189470473500.0,2.36,KOSDAQ
111710,0,20588000,0,73499160000.0,0.0,KOSDAQ
091590,35795,11740000,133515350,43790200000.0,0.3,KOSDAQ
168330,0,31754900,0,87484749500.0,0.0,KOSDAQ
094860,72790,53110014,103944120,75841099992.0,0.14,KOSDAQ
253590,294812,43869164,4997063400,743582329800.0,0.67,KOSDAQ
212560,44203,11812241,656856580,175529901260.0,0.37,KOSDAQ
095660,34510,21636459,690200000,432729180000.0,0.16,KOSDAQ
042420,0,8142283,0,185644052400.0,0.0,KOSDAQ
950220,301873,167639400,151238373,83987339400.0,0.18,KOSDAQ
311390,0,12653789,0,44288261500.0,0.0,KOSDAQ
085910,103001,13934818,3141530500,425011949000.0,0.74,KOSDAQ
092730,28222,16027989,520131460,295395837270.0,0.18,KOSDAQ
153460,0,6530014,0,53807315360.0,0.0,KOSDAQ
007390,2226660,64435056,65129805000,1884725388000.0,3.46,KOSDAQ
033640,82002,23059202,3042274200,855496394200.0,0.36,KOSDAQ
330860,36257,12184045,1885364000,633570340000.0,0.3,KOSDAQ
351320,103000,29698642,148732000,42884839048.0,0.35,KOSDAQ
089140,0,15316234,0,39286140210.0,0.0,KOSDAQ
389650,41970,8277286,1955802000,385721527600.0,0.51,KOSDAQ
137940,0,85368992,0,22452044896.0,0.0,KOSDAQ
396270,87185,32887431,452490150,170685766890.0,0.27,KOSDAQ
348210,172299,10477005,12491677500,759582862500.0,1.64,KOSDAQ
225570,1214229,65860174,13441515030,729072126180.0,1.84,KOSDAQ
205500,885996,64112099,1663900488,120402521922.0,1.38,KOSDAQ
217270,0,46735643,0,149320379385.0,0.0,KOSDAQ
104620,91978,16810552,383548260,70100001840.0,0.55,KOSDAQ
473980,357523,11059322,5373570690,166221609660.0,3.23,KOSDAQ
194700,0,18254848,0,306133800960.0,0.0,KOSDAQ
285490,0,10575831,0,202104130410.0,0.0,KOSDAQ
145170,129491,16908405,599543330,78285915150.0,0.77,KOSDAQ
106520,0,38695952,0,15904036272.0,0.0,KOSDAQ
376930,286155,51291323,317632050,56933368530.0,0.56,KOSDAQ
486990,281607,21346230,8082120900,612636801000.0,1.32,KOSDAQ
142280,273441,21741926,1583223390,125885751540.0,1.26,KOSDAQ
234690,27258,17963290,281847720,185740418600.0,0.15,KOSDAQ
069140,65316,15095804,111429096,25753441624.0,0.43,KOSDAQ
040160,31298,12055535,430034520,165643050900.0,0.26,KOSDAQ
332290,0,39904404,0,44014557612.0,0.0,KOSDAQ
348340,146811,12362151,9205049700,775106867700.0,1.19,KOSDAQ
380550,396321,12198866,6987139230,215066007580.0,3.25,KOSDAQ
060260,0,13342356,0,16250989608.0,0.0,KOSDAQ
463020,47730,8879200,500687700,93142808000.0,0.54,KOSDAQ
123840,0,6365430,0,26416534500.0,0.0,KOSDAQ
012340,0,11300312,0,15594430560.0,0.0,KOSDAQ
462310,0,8185121,0,27542932165.0,0.0,KOSDAQ
270870,0,9200224,0,36800896000.0,0.0,KOSDAQ
144960,0,43692624,0,456587920800.0,0.0,KOSDAQ
085670,106970,24500761,577638000,132304109400.0,0.44,KOSDAQ
064260,3972409,75645457,26495968030,504555198190.0,5.25,KOSDAQ
340360,242416,52062772,357321184,76740525928.0,0.47,KOSDAQ
039560,297475,42888468,1261294000,181847104320.0,0.69,KOSDAQ
208860,0,33949973,0,37480770192.0,0.0,KOSDAQ
154040,0,17950094,0,16352535634.0,0.0,KOSDAQ
032190,113341,38300000,2470833800,834940000000.0,0.3,KOSDAQ
323350,30086,8010772,619771600,165021903200.0,0.38,KOSDAQ
068240,1271273,38163437,3216320690,96553495610.0,3.33,KOSDAQ
290660,978434,84549017,1034204738,89368310969.0,1.16,KOSDAQ
464580,0,18406089,0,33167772378.0,0.0,KOSDAQ
020400,0,6378332,0,23854961680.0,0.0,KOSDAQ
008830,118418,8987520,2139813260,162404486400.0,1.32,KOSDAQ
048470,0,9650000,0,30735250000.0,0.0,KOSDAQ
004780,0,15903199,0,61068284160.0,0.0,KOSDAQ
017650,12300,8785000,116604000,83281800000.0,0.14,KOSDAQ
389260,129072,17916325,2269085760,314968993500.0,0.72,KOSDAQ
317850,64359,8324420,507792510,65679673800.0,0.77,KOSDAQ
290670,23664,7857660,209426400,69540291000.0,0.3,KOSDAQ
078140,68214,11086579,673272180,109424534730.0,0.62,KOSDAQ
065150,0,159382405,0,23110448725.0,0.0,KOSDAQ
036480,0,3800000,0,25840000000.0,0.0,KOSDAQ
027830,77718,54000000,103364940,71820000000.0,0.14,KOSDAQ
129920,0,16248696,0,143475985680.0,0.0,KOSDAQ
471050,0,6060000,0,12726000000.0,0.0,KOSDAQ
482690,0,5615000,0,12044175000.0,0.0,KOSDAQ
020180,0,38428915,0,47690283515.0,0.0,KOSDAQ
045390,1442816,70473377,5042641920,246304452615.0,2.05,KOSDAQ
108380,0,9567333,0,230572725300.0,0.0,KOSDAQ
007680,0,13446474,0,53920360740.0,0.0,KOSDAQ
048910,59344,12578946,359031200,76102623300.0,0.47,KOSDAQ
005710,16014,20037600,188004360,235241424000.0,0.08,KOSDAQ
120240,9256,7190391,129676560,100737377910.0,0.13,KOSDAQ
003310,0,35392350,0,95559345000.0,0.0,KOSDAQ
078600,315769,15577468,51186154900,2525107562800.0,2.03,KOSDAQ
393970,102420,17850820,289336500,50428566500.0,0.57,KOSDAQ
096350,211864,36854762,519066800,90294166900.0,0.57,KOSDAQ
140520,0,21109243,0,43590586795.0,0.0,KOSDAQ
131220,0,7454490,0,32650666200.0,0.0,KOSDAQ
010170,1276838,155485660,35496096400,4322501348000.0,0.82,KOSDAQ
054670,148626,14354920,912563640,88139208800.0,1.04,KOSDAQ
023910,0,6000000,0,163500000000.0,0.0,KOSDAQ
021040,0,21704774,0,24244232558.0,0.0,KOSDAQ
021045,0,848492,0,2252746260.0,0.0,KOSDAQ
067080,322644,18616650,4349241120,250952442000.0,1.73,KOSDAQ
298540,107791,14486386,738368350,99231744100.0,0.74,KOSDAQ
032860,0,40395863,0,38780028480.0,0.0,KOSDAQ
393890,429771,33843144,6970885620,548935795680.0,1.27,KOSDAQ
299170,374297,41511288,713410082,79120514928.0,0.9,KOSDAQ
462860,149571,71756523,442730160,212399308080.0,0.21,KOSDAQ
224060,0,5160722,0,26629325520.0,0.0,KOSDAQ
043090,0,4139425,0,4718944500.0,0.0,KOSDAQ
403850,30392,14351010,392360720,185271539100.0,0.21,KOSDAQ
213420,54231,24831179,2540722350,1163340736150.0,0.22,KOSDAQ
317330,89471,20476584,1963888450,449461018800.0,0.44,KOSDAQ
077360,287633,45437002,5114114740,807869895560.0,0.63,KOSDAQ
090410,100228,46084095,114961516,52858456965.0,0.22,KOSDAQ
0001A0,150685,24791195,2097535200,345093434400.0,0.61,KOSDAQ
263600,20996,15930310,116527800,88413220500.0,0.13,KOSDAQ
194480,250325,12129150,4353151750,210925918500.0,2.06,KOSDAQ
373160,35000,13807469,155575000,61374199705.0,0.25,KOSDAQ
263800,116137,16225380,552231435,77151681900.0,0.72,KOSDAQ
206560,162996,25411736,311159364,48511004024.0,0.64,KOSDAQ
261200,53636,15809700,175657900,51776767500.0,0.34,KOSDAQ
484120,39935,10957422,798700000,219148440000.0,0.36,KOSDAQ
067990,0,29181550,0,134526945500.0,0.0,KOSDAQ
006620,55864,28464992,258371000,131650588000.0,0.2,KOSDAQ
100130,80593,57143000,151837212,107657412000.0,0.14,KOSDAQ
005160,39881,54244482,112663825,153240661650.0,0.07,KOSDAQ
303810,302253,31984140,920360385,97391706300.0,0.95,KOSDAQ
075970,0,18400000,0,36984000000.0,0.0,KOSDAQ
086450,281982,45230420,6062613000,972454030000.0,0.62,KOSDAQ
240550,33266,20933940,247499040,155748513600.0,0.16,KOSDAQ
099410,28252,14000000,132501880,65660000000.0,0.2,KOSDAQ
033500,41512,29989494,948549200,685259937900.0,0.14,KOSDAQ
025950,45726,8400000,662112480,121632000000.0,0.54,KOSDAQ
088130,234613,17485314,2235861890,166635042420.0,1.34,KOSDAQ
060380,0,19700000,0,26004000000.0,0.0,KOSDAQ
079960,0,7860000,0,189819000000.0,0.0,KOSDAQ
228340,58653,20000000,118185795,40300000000.0,0.29,KOSDAQ
088910,189954,25831764,447341670,60833804220.0,0.74,KOSDAQ
094170,42471,20909936,1885712400,928401158400.0,0.2,KOSDAQ
013120,0,90808100,0,224750047500.0,0.0,KOSDAQ
109860,0,9100000,0,69615000000.0,0.0,KOSDAQ
032960,0,3518595,0,40991631750.0,0.0,KOSDAQ
023790,0,13069808,0,29341718960.0,0.0,KOSDAQ
005290,22146,50970126,1461636000,3364028316000.0,0.04,KOSDAQ
025900,396552,50557285,3913968240,499000402950.0,0.78,KOSDAQ
131970,105011,19327238,18765465700,3453777430600.0,0.54,KOSDAQ
073190,0,11968040,0,12075752360.0,0.0,KOSDAQ
176750,0,28488720,0,217938708000.0,0.0,KOSDAQ
030350,0,15592079,0,15171092867.0,0.0,KOSDAQ
203650,913988,101097320,4218054620,466564131800.0,0.9,KOSDAQ
223250,99065,24600444,610240400,151538735040.0,0.4,KOSDAQ
060570,0,74101573,0,66913720419.0,0.0,KOSDAQ
362990,0,16800574,0,25251262722.0,0.0,KOSDAQ
016670,0,10194234,0,38636146860.0,0.0,KOSDAQ
187870,0,13770060,0,313957368000.0,0.0,KOSDAQ
489730,0,6332000,0,12948940000.0,0.0,KOSDAQ
0004Y0,0,5315000,0,10709725000.0,0.0,KOSDAQ
110990,15185,18900000,403161750,501795000000.0,0.08,KOSDAQ
263690,0,11325610,0,61724574500.0,0.0,KOSDAQ
214680,225246,83477056,359042124,133062427264.0,0.27,KOSDAQ
347850,549233,43804147,41741708000,3329115172000.0,1.25,KOSDAQ
263720,44495,12412591,447174750,124746539550.0,0.36,KOSDAQ
376300,109363,23738406,2881715050,625506998100.0,0.46,KOSDAQ
104040,0,26813565,0,75882388950.0,0.0,KOSDAQ
109740,80372,25710390,370113060,118396345950.0,0.31,KOSDAQ
031860,0,27005423,0,18714758139.0,0.0,KOSDAQ
196490,0,11351645,0,69131518050.0,0.0,KOSDAQ
066900,0,22744503,0,41918119029.0,0.0,KOSDAQ
092070,18300,11571858,390705000,247059168300.0,0.16,KOSDAQ
039840,150583,13415828,2409328000,214653248000.0,1.12,KOSDAQ
219550,0,38672257,0,60019342864.0,0.0,KOSDAQ
310870,0,20687271,0,36657844212.0,0.0,KOSDAQ
104460,0,10518101,0,110545241510.0,0.0,KOSDAQ
113810,0,32628051,0,21567141711.0,0.0,KOSDAQ
043360,0,9000000,0,35235000000.0,0.0,KOSDAQ
197140,0,13013154,0,24724992600.0,0.0,KOSDAQ
068930,0,27675342,0,229982092020.0,0.0,KOSDAQ
033130,0,37115267,0,73488228660.0,0.0,KOSDAQ
105740,0,10168513,0,85415509200.0,0.0,KOSDAQ
263020,0,13836146,0,48218968810.0,0.0,KOSDAQ
290550,68073,20001230,1906044000,560034440000.0,0.34,KOSDAQ
066670,0,18691918,0,49720501880.0,0.0,KOSDAQ
187220,135626,11524933,388568490,33018933045.0,1.18,KOSDAQ
383930,0,12784128,0,38352384000.0,0.0,KOSDAQ
131180,55679,5870000,255009820,26884600000.0,0.95,KOSDAQ
315640,436552,29372232,1316204280,88557279480.0,1.49,KOSDAQ
900110,0,36874745,0,26291693185.0,0.0,KOSDAQ
317120,121153,15260000,298036380,37539600000.0,0.79,KOSDAQ
462510,0,8802965,0,36092156500.0,0.0,KOSDAQ
232680,67311,13115949,1238522400,241333461600.0,0.51,KOSDAQ
042510,94864,11205174,1254102080,148132400280.0,0.85,KOSDAQ
418420,130788,30700933,1262104200,296264003450.0,0.43,KOSDAQ
300120,0,49504016,0,35791403568.0,0.0,KOSDAQ
171120,131732,35901760,312863500,85266680000.0,0.37,KOSDAQ
388790,92649,30614160,500304600,165316464000.0,0.3,KOSDAQ
214260,38916,8922463,307047240,70398233070.0,0.44,KOSDAQ
171010,27937,14298752,112027370,57337995520.0,0.2,KOSDAQ
084650,1703703,74239990,2218221306,96660466980.0,2.29,KOSDAQ
217500,238403,31812000,625807875,83506500000.0,0.75,KOSDAQ
038390,35443,16720822,357974300,168880302200.0,0.21,KOSDAQ
294140,38768,22414818,109713440,63433934940.0,0.17,KOSDAQ
443250,14338,11137760,108968800,84646976000.0,0.13,KOSDAQ
228670,53604,15640021,365043240,106508543010.0,0.34,KOSDAQ
228850,38896,16591014,271105120,115639367580.0,0.23,KOSDAQ
412350,126392,14435282,1362505760,155612339960.0,0.88,KOSDAQ
199550,0,14845791,0,65173022490.0,0.0,KOSDAQ
281740,474398,65730548,9559119700,1324470542200.0,0.72,KOSDAQ
277810,193429,19399858,149327188000,14976690376000.0,1.0,KOSDAQ
215100,316658,20348454,2051943840,131857981920.0,1.56,KOSDAQ
090360,237748,9750000,20208580000,828750000000.0,2.44,KOSDAQ
108490,142328,14657028,44548664000,4587649764000.0,0.97,KOSDAQ
900260,0,46029706,0,75672836664.0,0.0,KOSDAQ
033290,0,56156301,0,99340496469.0,0.0,KOSDAQ
067730,0,9673922,0,28199482630.0,0.0,KOSDAQ
071280,14096,15296603,135462560,147000354830.0,0.09,KOSDAQ
376900,633940,15873789,37339066000,934966172100.0,3.99,KOSDAQ
214610,0,8383322,0,19197807380.0,0.0,KOSDAQ
328130,1604531,74382636,28721104900,1331449184400.0,2.16,KOSDAQ
038060,216000,48103069,304128000,67729121152.0,0.45,KOSDAQ
474170,61079,17817696,825788080,240895249920.0,0.34,KOSDAQ
141080,235713,37019418,36794799300,5778731149800.0,0.64,KOSDAQ
058470,1953375,76211850,216433950000,8444272980000.0,2.56,KOSDAQ
016100,0,19100894,0,29071560668.0,0.0,KOSDAQ
012700,34500,26194852,111435000,84609371960.0,0.13,KOSDAQ
302550,267708,30907150,796431300,91948771250.0,0.87,KOSDAQ
491000,16991,25004391,1260732200,1855325812200.0,0.07,KOSDAQ
394420,36730,10934938,1037622500,308911998500.0,0.34,KOSDAQ
073570,51441,12037328,142491570,33343398560.0,0.43,KOSDAQ
377450,22343,17330000,230579760,178845600000.0,0.13,KOSDAQ
277070,0,13692000,0,54904920000.0,0.0,KOSDAQ
042500,97440,22291144,470635200,107666225520.0,0.44,KOSDAQ
193250,0,13368933,0,22606865703.0,0.0,KOSDAQ
474650,56305,5747107,2843402500,290228903500.0,0.98,KOSDAQ
219420,76496,11469507,402368960,60329606820.0,0.67,KOSDAQ
439090,279898,16393260,4609920060,269996992200.0,1.71,KOSDAQ
195500,0,15978000,0,39785220000.0,0.0,KOSDAQ
377480,129570,7110275,1794544500,98477308750.0,1.82,KOSDAQ
305090,40917,18595055,139117800,63223187000.0,0.22,KOSDAQ
098120,17980,8312766,659866000,305078512200.0,0.22,KOSDAQ
424980,22362,5918890,294731160,78010970200.0,0.38,KOSDAQ
038290,37428,10841400,518003520,150044976000.0,0.35,KOSDAQ
477850,0,17541640,0,792882128000.0,0.0,KOSDAQ
267980,13404,7663638,465789000,266311420500.0,0.17,KOSDAQ
005990,8496,13298304,108578880,169952325120.0,0.06,KOSDAQ
093520,59835,11901837,1483908000,295165557600.0,0.5,KOSDAQ
100590,109296,17139545,898413120,140887059900.0,0.64,KOSDAQ
067280,7296,5926779,187507200,152318220300.0,0.12,KOSDAQ
072870,0,11920959,0,153303532740.0,0.0,KOSDAQ
215200,63123,10365216,2572262250,422382552000.0,0.61,KOSDAQ
133750,0,23407077,0,38808933666.0,0.0,KOSDAQ
446540,86836,29079111,854466240,286138452240.0,0.3,KOSDAQ
235980,330924,34275121,1292258220,133844347505.0,0.97,KOSDAQ
041920,103442,18598223,1768858200,318029613300.0,0.56,KOSDAQ
014100,0,11800000,0,18750200000.0,0.0,KOSDAQ
054180,0,5527981,0,12686716395.0,0.0,KOSDAQ
086900,125402,7298497,12327016600,717442255100.0,1.72,KOSDAQ
078160,81207,39204603,1067872050,515540529450.0,0.21,KOSDAQ
0088D0,0,5795000,0,12430275000.0,0.0,KOSDAQ
408920,0,43232455,0,146341860175.0,0.0,KOSDAQ
021880,400000,212184408,114800000,60896925096.0,0.19,KOSDAQ
0088M0,27854,9881750,740916400,262854550000.0,0.28,KOSDAQ
140410,84681,30392167,6063159600,2176079157200.0,0.28,KOSDAQ
241770,6677,10192640,250387500,382224000000.0,0.07,KOSDAQ
059210,262712,27171445,1061356480,109772637800.0,0.97,KOSDAQ
058110,248532,16050530,612631380,39564556450.0,1.55,KOSDAQ
072770,105979,41512098,114775257,44957602134.0,0.26,KOSDAQ
434480,130716,12310300,492145740,46348279500.0,1.06,KOSDAQ
080420,0,79721622,0,138317014170.0,0.0,KOSDAQ
417970,40957,6396700,739273850,115460435000.0,0.64,KOSDAQ
080160,64010,18900000,639459900,188811000000.0,0.34,KOSDAQ
087260,303159,32552861,303462159,32585413861.0,0.93,KOSDAQ
101330,262023,23147029,1312735230,115966615290.0,1.13,KOSDAQ
012860,699275,73233457,3083802750,322959545370.0,0.95,KOSDAQ
363260,139048,32163769,173531904,40140383712.0,0.43,KOSDAQ
348030,0,9603800,0,21128360000.0,0.0,KOSDAQ
250060,352713,32171314,1444359735,131741530830.0,1.1,KOSDAQ
288980,486163,36381379,501720216,37545583128.0,1.34,KOSDAQ
142760,328633,42166980,226756770,29095216200.0,0.78,KOSDAQ
033200,0,9204529,0,37140274515.0,0.0,KOSDAQ
118990,344387,24537371,2920401760,208076906080.0,1.4,KOSDAQ
463480,87387,12390358,598600950,84873952300.0,0.71,KOSDAQ
006920,65541,10920000,246106455,41004600000.0,0.6,KOSDAQ
001810,0,22137500,0,30018450000.0,0.0,KOSDAQ
279600,0,4684781,0,22346405370.0,0.0,KOSDAQ
095500,613414,31009999,5588201540,282501090890.0,1.98,KOSDAQ
254490,42376,14438000,1417477200,482951100000.0,0.29,KOSDAQ
218150,125326,20415802,317074780,51651979060.0,0.61,KOSDAQ
100790,62788,53124634,3836346800,3245915137400.0,0.12,KOSDAQ
0097F0,0,6500000,0,12980500000.0,0.0,KOSDAQ
0099W0,0,7000000,0,13972000000.0,0.0,KOSDAQ
477380,0,8100000,0,16686000000.0,0.0,KOSDAQ
477470,0,5480000,0,11371000000.0,0.0,KOSDAQ
478440,0,6930000,0,14275800000.0,0.0,KOSDAQ
482680,0,8215000,0,16881825000.0,0.0,KOSDAQ
0093G0,0,6400000,0,12780800000.0,0.0,KOSDAQ
0096D0,0,5500000,0,10983500000.0,0.0,KOSDAQ
049950,15316,8817884,233262680,134296373320.0,0.17,KOSDAQ
207760,354225,83079783,284796900,66796145532.0,0.43,KOSDAQ
059090,299118,33416778,6565640100,733498277100.0,0.9,KOSDAQ
201490,835095,32593810,2271458400,88655163200.0,2.56,KOSDAQ
475460,29407,5613025,224669480,42883511000.0,0.52,KOSDAQ
452200,89065,24232800,353588050,96204216000.0,0.37,KOSDAQ
206640,52280,21907921,582922000,244273319150.0,0.24,KOSDAQ
035620,0,18609918,0,21215306520.0,0.0,KOSDAQ
053030,1505951,32684188,14667962740,318343991120.0,4.61,KOSDAQ
301300,0,13154712,0,26769838920.0,0.0,KOSDAQ
064550,328755,25810291,3343438350,262490659470.0,1.27,KOSDAQ
314930,82738,29764103,877022800,315499491800.0,0.28,KOSDAQ
489460,0,15044430,0,100346348100.0,0.0,KOSDAQ
086820,21995,25924085,181898650,214392182950.0,0.08,KOSDAQ
038460,230004,25274542,824564340,90609233070.0,0.91,KOSDAQ
251120,0,8695700,0,99478808000.0,0.0,KOSDAQ
199730,0,4864367,0,18046801570.0,0.0,KOSDAQ
086040,55300,15958247,160923000,46438498770.0,0.35,KOSDAQ
188040,0,4679308,0,25127883960.0,0.0,KOSDAQ
099430,775178,61640722,4728585800,376008404200.0,1.26,KOSDAQ
032980,0,30388995,0,18354952980.0,0.0,KOSDAQ
308080,267585,20499260,3457198200,264850439200.0,1.31,KOSDAQ
043150,93413,14854256,1919637150,305254960800.0,0.63,KOSDAQ
323990,430146,23257345,2654000820,143497818650.0,1.85,KOSDAQ
267790,0,7689309,0,25720738605.0,0.0,KOSDAQ
046310,0,16418641,0,43509398650.0,0.0,KOSDAQ
331520,0,10172878,0,27263313040.0,0.0,KOSDAQ
199480,52119,10196588,222026940,43437464880.0,0.51,KOSDAQ
438700,0,11144890,0,32264456550.0,0.0,KOSDAQ
066410,0,138453818,0,159637252154.0,0.0,KOSDAQ
382900,55463,8761000,1766496550,279037850000.0,0.63,KOSDAQ
206400,0,37510158,0,41561255064.0,0.0,KOSDAQ
019010,53193,48200000,281922900,255460000000.0,0.11,KOSDAQ
177350,0,19653767,0,18199388242.0,0.0,KOSDAQ
457600,0,13707500,0,24152615000.0,0.0,KOSDAQ
424760,0,9889158,0,33079233510.0,0.0,KOSDAQ
250000,0,6750733,0,53398298030.0,0.0,KOSDAQ
310210,151483,18402171,41354859000,5023792683000.0,0.82,KOSDAQ
006910,849976,49129824,9230739360,533549888640.0,1.73,KOSDAQ
0010F0,68248,11143601,274356960,44797276020.0,0.61,KOSDAQ
226340,233692,41952420,151198724,27143215740.0,0.56,KOSDAQ
014470,0,60052260,0,79869505800.0,0.0,KOSDAQ
008470,0,8404800,0,29710968000.0,0.0,KOSDAQ
338220,61696,14001823,622512640,141278394070.0,0.44,KOSDAQ
100120,51169,8971411,1491576350,261516630650.0,0.57,KOSDAQ
406820,50497,14136157,169164950,47356125950.0,0.36,KOSDAQ
099390,38995,8208283,157929750,33243546150.0,0.48,KOSDAQ
064480,49028,11952500,188757800,46017125000.0,0.41,KOSDAQ
365900,0,7310300,0,21163318500.0,0.0,KOSDAQ
089970,14953,24771995,989888600,1639906069000.0,0.06,KOSDAQ
251630,20504,15942886,122408880,95179029420.0,0.13,KOSDAQ
018290,375059,34941838,5472110810,509801416420.0,1.07,KOSDAQ
478560,0,25830298,0,79686469330.0,0.0,KOSDAQ
439580,65724,33846547,169567920,87324091260.0,0.19,KOSDAQ
033560,83752,17100000,291456960,59508000000.0,0.49,KOSDAQ
369370,198015,49871911,202173315,50919221131.0,0.4,KOSDAQ
126340,0,7143528,0,1214399760000.0,0.0,KOSDAQ
121800,192167,77201611,637994440,256309348520.0,0.25,KOSDAQ
082800,145083,60719666,378666630,158478328260.0,0.24,KOSDAQ
318410,17696,5555243,123518080,38775596140.0,0.32,KOSDAQ
419540,0,4598502,0,16577599710.0,0.0,KOSDAQ
146320,46482,12797923,769741920,211933604880.0,0.36,KOSDAQ
200780,0,10665661,0,42929285525.0,0.0,KOSDAQ
413640,0,7206940,0,56069993200.0,0.0,KOSDAQ
141000,21455,12114710,223346550,126114131100.0,0.18,KOSDAQ
083650,0,30944375,0,2506494375000.0,0.0,KOSDAQ
0068Y0,0,4310000,0,8663100000.0,0.0,KOSDAQ
065170,131225,27913793,305098125,64899568725.0,0.47,KOSDAQ
086670,29900,9925885,462553000,153553440950.0,0.3,KOSDAQ
230980,0,93320557,0,1306487798.0,0.0,KOSDAQ
488900,122117,28976443,1914794560,454350626240.0,0.42,KOSDAQ
082920,0,45339477,0,2629689666000.0,0.0,KOSDAQ
054220,0,12590616,0,28517745240.0,0.0,KOSDAQ
042370,74516,26200025,1108798080,389856372000.0,0.28,KOSDAQ
050090,0,19784735,0,13928453440.0,0.0,KOSDAQ
148780,0,31445725,0,22766704900.0,0.0,KOSDAQ
307870,1205767,74299285,1319109098,81283417790.0,1.62,KOSDAQ
377030,62789,10694360,145356535,24757443400.0,0.59,KOSDAQ
032850,233503,16623293,1072946285,76384031335.0,1.4,KOSDAQ
049470,0,23544899,0,49797461385.0,0.0,KOSDAQ
238200,38700,8180000,107973000,22822200000.0,0.47,KOSDAQ
093190,0,19238905,0,144868954650.0,0.0,KOSDAQ
065450,238340,29495803,996261200,123292456540.0,0.81,KOSDAQ
044480,0,33250916,0,46551282400.0,0.0,KOSDAQ
069540,425852,97901539,2976705480,684331757610.0,0.43,KOSDAQ
072950,56377,8052610,933039350,133270695500.0,0.7,KOSDAQ
451250,89692,10225877,704082200,80273134450.0,0.88,KOSDAQ
143240,0,10732731,0,166679312430.0,0.0,KOSDAQ
466410,22774,5037023,237760560,52586520120.0,0.45,KOSDAQ
223310,27788,5204642,247313200,46321313800.0,0.53,KOSDAQ
452430,8300,8255421,419150000,416898760500.0,0.1,KOSDAQ
419120,0,14718362,0,52618144150.0,0.0,KOSDAQ
122350,200964,38339428,249195360,47540890720.0,0.52,KOSDAQ
419050,206883,57196240,368458623,101866503440.0,0.36,KOSDAQ
014970,25080,14825000,149978400,88653500000.0,0.17,KOSDAQ
018310,15612,14700000,333316200,313845000000.0,0.11,KOSDAQ
012210,110613,22192012,1403678970,281616632280.0,0.5,KOSDAQ
053700,129986,25443768,865706760,169455494880.0,0.51,KOSDAQ
009620,0,17473048,0,14223061072.0,0.0,KOSDAQ
023600,105313,16008300,978357770,148717107000.0,0.66,KOSDAQ
0044K0,0,7520000,0,15040000000.0,0.0,KOSDAQ
0071M0,0,5760000,0,11577600000.0,0.0,KOSDAQ
0096B0,0,6580000,0,13160000000.0,0.0,KOSDAQ
0115H0,0,7350000,0,14700000000.0,0.0,KOSDAQ
009300,15019,6370000,228138610,96760300000.0,0.24,KOSDAQ
482630,44104,21888280,983519200,488108644000.0,0.2,KOSDAQ
484590,595395,41210450,5858686800,405510828000.0,1.44,KOSDAQ
036670,37216,11270000,206548800,62548500000.0,0.33,KOSDAQ
361670,0,5667658,0,18108167310.0,0.0,KOSDAQ
054540,209348,13000000,2332136720,144820000000.0,1.61,KOSDAQ
065570,0,16093838,0,12295692232.0,0.0,KOSDAQ
014950,36948,10007588,266764560,72254785360.0,0.37,KOSDAQ
032280,0,16213590,0,21645142650.0,0.0,KOSDAQ
002290,0,12400000,0,46252000000.0,0.0,KOSDAQ
037460,85368,16318522,4404988800,842035735200.0,0.52,KOSDAQ
032750,0,9031122,0,29125368450.0,0.0,KOSDAQ
0013V0,33994,9918656,216541780,63181838720.0,0.34,KOSDAQ
054090,347828,24959232,376002068,26980929792.0,1.39,KOSDAQ
000250,32069,23457472,11625012500,8503333600000.0,0.14,KOSDAQ
024950,38634,12400000,167285220,53692000000.0,0.31,KOSDAQ
038500,446249,107916306,5894949290,1425574402260.0,0.41,KOSDAQ
437730,49860,31707567,2991600000,1902454020000.0,0.16,KOSDAQ
017480,0,15702890,0,79299594500.0,0.0,KOSDAQ
046390,0,17269173,0,36265263300.0,0.0,KOSDAQ
027580,43614,11836255,123863760,33614964200.0,0.37,KOSDAQ
038540,292251,55328313,629800905,119232514515.0,0.53,KOSDAQ
091580,0,13328219,0,305216215100.0,0.0,KOSDAQ
263810,0,15924825,0,46898609625.0,0.0,KOSDAQ
089980,197086,15989037,4749772600,385335791700.0,1.23,KOSDAQ
042940,88317,6828712,776306430,60024378480.0,1.29,KOSDAQ
042600,25857,12423574,481198770,231202712140.0,0.21,KOSDAQ
107600,61728,5640954,1558632000,142434088500.0,1.09,KOSDAQ
411080,128138,15267638,929000500,110690375500.0,0.84,KOSDAQ
252990,0,60217889,0,875568106060.0,0.0,KOSDAQ
378800,394109,46243031,509188828,59745996052.0,0.85,KOSDAQ
294630,155021,26366319,620859105,105597107595.0,0.59,KOSDAQ
038070,87220,9300676,532042000,56734123600.0,0.94,KOSDAQ
006730,182492,64926923,2032960880,723285922220.0,0.28,KOSDAQ
079650,0,20000000,0,24540000000.0,0.0,KOSDAQ
100660,60591,12600000,249937875,51975000000.0,0.48,KOSDAQ
019770,0,11650000,0,43338000000.0,0.0,KOSDAQ
092190,141382,45868383,1924209020,624268692630.0,0.31,KOSDAQ
046890,2046489,58305400,30656405220,873414892000.0,3.51,KOSDAQ
063170,96554,17774267,588979400,108423028700.0,0.54,KOSDAQ
027040,0,69588847,0,33402646560.0,0.0,KOSDAQ
018680,0,11659319,0,30081043020.0,0.0,KOSDAQ
036120,0,35145000,0,61855200000.0,0.0,KOSDAQ
093920,51953,18600000,261843120,93744000000.0,0.28,KOSDAQ
189860,58369,9698780,407415620,67697484400.0,0.6,KOSDAQ
178320,303906,63577747,23887011600,4997210914200.0,0.48,KOSDAQ
122690,50000,23079166,102000000,47081498640.0,0.22,KOSDAQ
140070,0,36988000,0,89326020000.0,0.0,KOSDAQ
011370,208922,100894865,198893744,96051911480.0,0.21,KOSDAQ
065710,2998,5150000,131312400,225570000000.0,0.06,KOSDAQ
035890,1417771,229808457,2870986275,465362125425.0,0.62,KOSDAQ
357550,7535,5455000,382024500,276568500000.0,0.14,KOSDAQ
003100,0,6600000,0,146850000000.0,0.0,KOSDAQ
067370,32295,12193555,197968350,74746492150.0,0.26,KOSDAQ
171090,90998,10102626,8726708200,968841833400.0,0.9,KOSDAQ
086710,0,12203280,0,106168536000.0,0.0,KOSDAQ
014620,31582,26557364,1127477400,948097894800.0,0.12,KOSDAQ
037350,49275,15210000,541039500,167005800000.0,0.32,KOSDAQ
458650,32290,15045670,448508100,208984356300.0,0.21,KOSDAQ
081580,54600,15508143,159978000,45438858990.0,0.35,KOSDAQ
045300,59380,10547012,205751700,36545396580.0,0.56,KOSDAQ
015750,2034786,80000000,16339331580,642400000000.0,2.54,KOSDAQ
365340,128189,12921115,8563025200,863130482000.0,0.99,KOSDAQ
080470,0,7300000,0,27119500000.0,0.0,KOSDAQ
043260,21982,70922823,900162900,2904289601850.0,0.03,KOSDAQ
148150,55403,35542818,237401855,152300975130.0,0.16,KOSDAQ
061090,45084,5587050,2089643400,258959767500.0,0.81,KOSDAQ
188260,50100,7228470,100200000,14456940000.0,0.69,KOSDAQ
053060,0,17657419,0,25391368522.0,0.0,KOSDAQ
340440,0,28378364,0,42510789272.0,0.0,KOSDAQ
017510,134135,15246000,1545235200,175633920000.0,0.88,KOSDAQ
490470,129657,33999890,5562285300,1458595281000.0,0.38,KOSDAQ
011560,50190,10350000,1277335500,263407500000.0,0.48,KOSDAQ
396300,98161,26489500,592892440,159996580000.0,0.37,KOSDAQ
100700,170106,43800000,415058640,106872000000.0,0.39,KOSDAQ
024830,0,8350000,0,88343000000.0,0.0,KOSDAQ
258830,0,75786351,0,31223976612.0,0.0,KOSDAQ
036630,0,10000000,0,101100000000.0,0.0,KOSDAQ
039310,0,18121667,0,24283033780.0,0.0,KOSDAQ
067770,0,8396593,0,17800777160.0,0.0,KOSDAQ
053450,308734,14792803,1526689630,73150410835.0,2.09,KOSDAQ
252500,218000,41486390,165898000,31571142790.0,0.53,KOSDAQ
321370,457079,51664906,1816889025,205368001350.0,0.88,KOSDAQ
347000,347933,37810846,713262650,77512234300.0,0.92,KOSDAQ
331920,104981,8164148,1628255310,126625935480.0,1.29,KOSDAQ
352770,0,2592407,0,13610136750.0,0.0,KOSDAQ
471820,30000,11302879,145650000,54875477545.0,0.27,KOSDAQ
049180,541162,83226192,546032458,83975227728.0,0.65,KOSDAQ
299660,547514,29502977,1834171900,98834972950.0,1.86,KOSDAQ
108860,1169532,26914790,12747898800,293371211000.0,4.35,KOSDAQ
208370,310557,25740564,1178563815,97685440380.0,1.21,KOSDAQ
318160,0,9337513,0,55838327740.0,0.0,KOSDAQ
308430,28996,12905251,685755400,305209186150.0,0.22,KOSDAQ
068760,330857,44402332,16609021400,2228997066400.0,0.75,KOSDAQ
068940,0,45912716,0,35720093048.0,0.0,KOSDAQ
007720,0,100800450,0,35582558850.0,0.0,KOSDAQ
290690,0,49337244,0,261980765640.0,0.0,KOSDAQ
950200,0,19236053,0,60785927480.0,0.0,KOSDAQ
032680,111892,20855881,145123924,27050077657.0,0.54,KOSDAQ
032685,0,71362,0,2140860000.0,0.0,KOSDAQ
258790,0,24991284,0,42935025912.0,0.0,KOSDAQ
066910,340599,66933164,231607320,45514551520.0,0.51,KOSDAQ
215090,178421,23155661,373791995,48511109795.0,0.77,KOSDAQ
035610,68173,27345997,242355015,97215019335.0,0.25,KOSDAQ
357780,163581,7778566,73938612000,3515911832000.0,2.1,KOSDAQ
036830,41805,20503981,2261650500,1109265372100.0,0.2,KOSDAQ
304100,310397,12593855,6145860600,249358329000.0,2.46,KOSDAQ
328380,54112,6852555,170452800,21585548250.0,0.79,KOSDAQ
086980,244259,62638000,670490955,171941310000.0,0.39,KOSDAQ
050960,0,6751000,0,58396150000.0,0.0,KOSDAQ
084180,0,18074283,0,16953677454.0,0.0,KOSDAQ
253840,358182,16743200,2381910300,111342280000.0,2.14,KOSDAQ
298830,288445,53458499,1915274800,354964433360.0,0.54,KOSDAQ
236200,0,6974311,0,310705555050.0,0.0,KOSDAQ
094840,53784,9806109,557740080,101689350330.0,0.55,KOSDAQ
192440,17036,6216363,532375000,194261343750.0,0.27,KOSDAQ
424960,57744,16485110,379378080,108307172700.0,0.35,KOSDAQ
099440,559912,68243394,2194855040,267514104480.0,0.82,KOSDAQ
066590,178722,38677937,437868900,94760945650.0,0.46,KOSDAQ
276040,0,21630335,0,7073119545.0,0.0,KOSDAQ
060240,0,5821060,0,11502414560.0,0.0,KOSDAQ
115570,0,7984508,0,22995383040.0,0.0,KOSDAQ
330730,0,18217830,0,128800058100.0,0.0,KOSDAQ
352090,63527,26872998,236320440,99967552560.0,0.24,KOSDAQ
253450,394283,30058498,10862496650,828111619900.0,1.31,KOSDAQ
408900,104594,32752929,209188000,65505858000.0,0.32,KOSDAQ
415380,0,11442975,0,24030247500.0,0.0,KOSDAQ
013810,86419,14655470,194874845,33048084850.0,0.59,KOSDAQ
347700,117803,50814305,5507290250,2375568758750.0,0.23,KOSDAQ
049830,27239,6132112,196937970,44335169760.0,0.44,KOSDAQ
020710,36020,20047970,143899900,80091640150.0,0.18,KOSDAQ
033170,0,85728319,0,72783342831.0,0.0,KOSDAQ
048870,200690,88106963,384923420,168989155034.0,0.23,KOSDAQ
025320,2384209,92162453,13017781140,503206993380.0,2.59,KOSDAQ
340810,62158,13644976,186784790,41003152880.0,0.46,KOSDAQ
269620,0,148582691,0,132090012299.0,0.0,KOSDAQ
056090,0,103259036,0,169757855184.0,0.0,KOSDAQ
429270,17707,6449231,158831790,57849602070.0,0.27,KOSDAQ
418250,0,7271605,0,47629012750.0,0.0,KOSDAQ
131090,0,7658221,0,29560733060.0,0.0,KOSDAQ
290520,58000,15929362,138620000,38071175180.0,0.36,KOSDAQ
001000,0,24277540,0,34231331400.0,0.0,KOSDAQ
025870,0,4000000,0,15120000000.0,0.0,KOSDAQ
215600,375067,138553564,1217092415,449606315180.0,0.27,KOSDAQ
065350,983772,27483948,47516187600,1327474688400.0,3.58,KOSDAQ
416180,74138,9039778,2387243600,291080851600.0,0.82,KOSDAQ
162300,0,41471382,0,67639824042.0,0.0,KOSDAQ
002800,47831,15170500,247764580,78583190000.0,0.32,KOSDAQ
472220,0,4690000,0,10060050000.0,0.0,KOSDAQ
0091W0,0,6068000,0,12500080000.0,0.0,KOSDAQ
017000,0,11668027,0,31620353170.0,0.0,KOSDAQ
012790,41997,11986415,233503320,66644467400.0,0.35,KOSDAQ
138070,123456,17503204,205677696,29160337864.0,0.71,KOSDAQ
226330,41596,24258475,100662320,58705509500.0,0.17,KOSDAQ
474660,0,5520000,0,11327040000.0,0.0,KOSDAQ
474930,0,3620000,0,7583900000.0,0.0,KOSDAQ
487360,0,5640000,0,11477400000.0,0.0,KOSDAQ
487830,0,4350000,0,8852250000.0,0.0,KOSDAQ
496070,0,5620000,0,11296200000.0,0.0,KOSDAQ
0130D0,0,5340000,0,10658640000.0,0.0,KOSDAQ
0129K0,0,5620000,0,11195040000.0,0.0,KOSDAQ
056700,62500,29135091,100875000,47024036874.0,0.21,KOSDAQ
187270,0,10143845,0,36771438125.0,0.0,KOSDAQ
095190,179280,65260462,426686400,155319899560.0,0.27,KOSDAQ
243840,0,38558235,0,306923550600.0,0.0,KOSDAQ
257720,2323692,65576252,88416480600,2495176388600.0,3.54,KOSDAQ
222800,111060,37463931,14748768000,4975210036800.0,0.3,KOSDAQ
036710,85728,52827754,492078720,303231307960.0,0.16,KOSDAQ
444530,16345,6418644,176526000,69321355200.0,0.25,KOSDAQ
234030,388926,23605000,2216878200,134548500000.0,1.65,KOSDAQ
160980,129077,10924243,4427341100,374701534900.0,1.18,KOSDAQ
356890,291547,11953825,1004379415,41180927125.0,2.44,KOSDAQ
217330,212175,23129547,1077849000,117498098760.0,0.92,KOSDAQ
208640,0,139240254,0,22556921148.0,0.0,KOSDAQ
222420,284616,48418523,412123968,70110021304.0,0.59,KOSDAQ
037760,0,33832921,0,81368175005.0,0.0,KOSDAQ
081180,9852,8825535,105317880,94344969150.0,0.11,KOSDAQ
099320,9735,10951278,1493349000,1679926045200.0,0.09,KOSDAQ
049960,32034,9400000,580135740,170234000000.0,0.34,KOSDAQ
088280,99842,17306490,511191040,88609228800.0,0.58,KOSDAQ
050890,740123,60756534,13573855820,1114274833560.0,1.22,KOSDAQ
394800,31109,31761476,312023270,318567604280.0,0.1,KOSDAQ
177900,31972,9627600,212613800,64023540000.0,0.33,KOSDAQ
475400,64549,11756062,1942924900,353857466200.0,0.55,KOSDAQ
109670,0,5836602,0,23754970140.0,0.0,KOSDAQ
066790,0,65152039,0,97271994227.0,0.0,KOSDAQ
222080,2230678,77780144,30047232660,1047698539680.0,2.87,KOSDAQ
352480,129693,13629901,2944031100,309398752700.0,0.95,KOSDAQ
264660,21219,9721172,410163270,187910254760.0,0.22,KOSDAQ
352700,0,26276899,0,47561187190.0,0.0,KOSDAQ
458870,12000,38059740,438600000,1391083497000.0,0.03,KOSDAQ
297090,61840,27270000,360527200,158984100000.0,0.23,KOSDAQ
900120,0,37348303,0,14603186473.0,0.0,KOSDAQ
359090,0,57470717,0,36321493144.0,0.0,KOSDAQ
115530,0,7884381,0,23889674430.0,0.0,KOSDAQ
388210,0,9634438,0,1227427401200.0,0.0,KOSDAQ
115480,0,12124911,0,27947919855.0,0.0,KOSDAQ
376290,42300,17657500,120978000,50500450000.0,0.24,KOSDAQ
189330,33640,9382284,309488000,86317012800.0,0.36,KOSDAQ
096530,91642,52225994,2923379800,1666009208600.0,0.18,KOSDAQ
101240,0,11357052,0,42645730260.0,0.0,KOSDAQ
060590,0,24181020,0,89590679100.0,0.0,KOSDAQ
260930,116834,19341591,395483090,65471285535.0,0.6,KOSDAQ
413630,142278,36436626,468806010,120058682670.0,0.39,KOSDAQ
013990,517804,32887536,2589020000,164437680000.0,1.57,KOSDAQ
123860,0,12123415,0,265502788500.0,0.0,KOSDAQ
025980,1066793,97300990,5675338760,517641266800.0,1.1,KOSDAQ
0015N0,0,12715050,0,91929811500.0,0.0,KOSDAQ
125210,27498,16496790,328326120,196971672600.0,0.17,KOSDAQ
357580,105263,11789762,1513681940,169536777560.0,0.89,KOSDAQ
052710,108650,14612546,3216040000,432531361600.0,0.74,KOSDAQ
074430,169000,87826844,219193000,113911416668.0,0.19,KOSDAQ
092040,471304,70655387,826667216,123929548798.0,0.67,KOSDAQ
083930,36425,14677249,529983750,213553972950.0,0.25,KOSDAQ
149950,0,13667703,0,220050018300.0,0.0,KOSDAQ
036010,43437,13292934,541225020,165629957640.0,0.33,KOSDAQ
050860,0,22500000,0,42480000000.0,0.0,KOSDAQ
136410,0,11019106,0,67987884020.0,0.0,KOSDAQ
246720,0,16381300,0,99434491000.0,0.0,KOSDAQ
450950,302925,37627592,2889904500,358967227680.0,0.81,KOSDAQ
067390,379089,415157579,276355881,302649875091.0,0.09,KOSDAQ
159010,37354,13334739,687313600,245359197600.0,0.28,KOSDAQ
127710,0,44049210,0,49114869150.0,0.0,KOSDAQ
154030,0,12061867,0,21723422467.0,0.0,KOSDAQ
227610,0,38047246,0,30209513324.0,0.0,KOSDAQ
331740,106365,9749691,1363599300,124991038620.0,1.09,KOSDAQ
143160,0,10716390,0,179928188100.0,0.0,KOSDAQ
054800,34221,10347756,531452130,160700650680.0,0.33,KOSDAQ
332370,45000,13273726,234450000,69156112460.0,0.34,KOSDAQ
066430,333862,39153476,1161839760,136254096480.0,0.85,KOSDAQ
339950,0,44946655,0,121805435050.0,0.0,KOSDAQ
469750,254123,34456481,319432611,43311796617.0,0.74,KOSDAQ
460470,0,15119370,0,68037165000.0,0.0,KOSDAQ
099190,43034,28757309,827113480,552715478980.0,0.15,KOSDAQ
461300,9059,13323933,160525480,236100092760.0,0.07,KOSDAQ
289010,111262,13945256,171899790,21545420520.0,0.8,KOSDAQ
214430,27950,7307215,2364570000,618190389000.0,0.38,KOSDAQ
040910,20296,18174275,108380640,97050628500.0,0.11,KOSDAQ
368600,0,25538346,0,21298980564.0,0.0,KOSDAQ
456010,76919,14010894,2369105200,431535535200.0,0.55,KOSDAQ
052860,17171,17862854,109379270,113786379980.0,0.1,KOSDAQ
464500,0,13993263,0,49396218390.0,0.0,KOSDAQ
212710,0,9622978,0,117785250720.0,0.0,KOSDAQ
038880,131616,37572117,119638944,34153054353.0,0.35,KOSDAQ
307180,314004,34713473,2750675040,304090023480.0,0.9,KOSDAQ
101390,0,16914354,0,6698084184.0,0.0,KOSDAQ
493280,3274,14804048,125557900,567735240800.0,0.02,KOSDAQ
461030,39868,14334517,212097760,76259630440.0,0.28,KOSDAQ
451220,55535,7874611,816919850,115835527810.0,0.71,KOSDAQ
078860,0,5936225,0,25317999625.0,0.0,KOSDAQ
090150,151000,41875293,102680000,28475199240.0,0.36,KOSDAQ
031310,0,29746651,0,49825640425.0,0.0,KOSDAQ
462980,0,18234437,0,31217356144.0,0.0,KOSDAQ
185490,442198,43229784,908716890,88837206120.0,1.02,KOSDAQ
059100,0,7070860,0,41647365400.0,0.0,KOSDAQ
262840,0,10566952,0,36350314880.0,0.0,KOSDAQ
175250,150717,37558368,327055890,81501658560.0,0.4,KOSDAQ
052460,0,14607936,0,42947331840.0,0.0,KOSDAQ
119830,0,26349023,0,196563711580.0,0.0,KOSDAQ
052770,0,14568774,0,4545457488.0,0.0,KOSDAQ
124500,5148,23204527,255598200,1152104765550.0,0.02,KOSDAQ
010280,38802,13024757,278986380,93648002830.0,0.3,KOSDAQ
232830,0,16533726,0,72004376730.0,0.0,KOSDAQ
372800,0,7037189,0,25650553905.0,0.0,KOSDAQ
084850,191444,22682934,2923349880,346368402180.0,0.84,KOSDAQ
309710,40482,12783001,850122000,268443021000.0,0.32,KOSDAQ
114840,41140,17319900,419216600,176489781000.0,0.24,KOSDAQ
027360,1042439,121145406,17210667890,2000110653060.0,0.86,KOSDAQ
032080,0,21491029,0,27379570946.0,0.0,KOSDAQ
013310,441347,38806582,1582228995,139121596470.0,1.14,KOSDAQ
059120,101144,18310066,1047851840,189692283760.0,0.55,KOSDAQ
0007C0,110864,8030324,3425697600,248137011600.0,1.38,KOSDAQ
203690,0,20157320,0,89196141000.0,0.0,KOSDAQ
158430,229941,24482092,1749851010,186308720120.0,0.94,KOSDAQ
200350,0,9996025,0,42283185750.0,0.0,KOSDAQ
321820,30470,15591376,128888100,65951520480.0,0.2,KOSDAQ
001540,0,13042420,0,135119471200.0,0.0,KOSDAQ
053800,73489,11126506,4600411400,696519275600.0,0.66,KOSDAQ
065660,48186,10006100,1464854400,304185440000.0,0.48,KOSDAQ
297570,0,34621218,0,46323189684.0,0.0,KOSDAQ
260660,0,15327021,0,48739926780.0,0.0,KOSDAQ
354320,35384,6391381,3287173600,593759294900.0,0.55,KOSDAQ
361570,160332,28743291,290200920,52025356710.0,0.56,KOSDAQ
131370,473724,53267083,978240060,109996526395.0,0.89,KOSDAQ
140670,92060,12839840,1455468600,202997870400.0,0.72,KOSDAQ
096610,0,17386411,0,51550708615.0,0.0,KOSDAQ
061040,0,45241115,0,87632039755.0,0.0,KOSDAQ
148250,154865,13610704,481630150,42329289440.0,1.14,KOSDAQ
123010,80701,33622267,189647350,79012327450.0,0.24,KOSDAQ
476830,0,13933842,0,2032947547800.0,0.0,KOSDAQ
347860,505937,41300953,991636520,80949867880.0,1.23,KOSDAQ
196170,1286670,53586343,470277885000,19585808366500.0,2.4,KOSDAQ
123750,0,13819259,0,24266618804.0,0.0,KOSDAQ
459550,172318,25220761,327059564,47869004378.0,0.68,KOSDAQ
085810,0,13109206,0,23334386680.0,0.0,KOSDAQ
043100,0,20110080,0,10457241600.0,0.0,KOSDAQ
117670,8695,6661742,142771900,109385803640.0,0.13,KOSDAQ
314140,0,8666361,0,51911502390.0,0.0,KOSDAQ
291650,18559,61039242,21955297,72209423286.0,0.03,KOSDAQ
293780,0,28093405,0,184854604900.0,0.0,KOSDAQ
310200,88693,52162836,215967455,127016505660.0,0.17,KOSDAQ
179530,145087,19679630,380853375,51659028750.0,0.74,KOSDAQ
397810,0,5160770,0,28229411900.0,0.0,KOSDAQ
0011A0,25603,9333740,541503450,197408601000.0,0.27,KOSDAQ
052790,0,10924547,0,52437825600.0,0.0,KOSDAQ
290740,28883,10065011,437577450,152484916650.0,0.29,KOSDAQ
238090,42000,30490440,115500000,83848710000.0,0.14,KOSDAQ
138360,354716,76991722,1163468480,252532848160.0,0.46,KOSDAQ
092600,0,5016703,0,20718983390.0,0.0,KOSDAQ
129890,125500,45545602,121735000,44179233940.0,0.28,KOSDAQ
174900,42506,19952129,1791627900,840982237350.0,0.21,KOSDAQ
109960,0,220789269,0,33780758157.0,0.0,KOSDAQ
270520,156418,19658914,251676562,31631192626.0,0.8,KOSDAQ
255440,23096,13058000,232576720,131494060000.0,0.18,KOSDAQ
030960,26499,15980000,151044300,91086000000.0,0.17,KOSDAQ
102120,152223,17780753,2100677400,245374391400.0,0.86,KOSDAQ
238120,0,14378896,0,56940428160.0,0.0,KOSDAQ
019990,93690,9756088,746709300,77756021360.0,0.96,KOSDAQ
435570,0,7616983,0,58346089780.0,0.0,KOSDAQ
270660,171746,12690583,2753088380,203430045490.0,1.35,KOSDAQ
038680,141405,19912642,568448100,80048820840.0,0.71,KOSDAQ
217480,0,109733141,0,54756837359.0,0.0,KOSDAQ
121890,0,13291446,0,39076851240.0,0.0,KOSDAQ
304360,9732,12385128,322615800,410566993200.0,0.08,KOSDAQ
389500,35922,6663472,3265309800,605709604800.0,0.54,KOSDAQ
042110,273034,48329564,390438620,69111276520.0,0.56,KOSDAQ
065420,0,71577299,0,13170223016.0,0.0,KOSDAQ
103230,0,7200000,0,25164000000.0,0.0,KOSDAQ
260970,5151,2892754,322967700,181375675800.0,0.18,KOSDAQ
101490,91545,21334879,7094737500,1653453122500.0,0.43,KOSDAQ
095910,181913,37296909,391112950,80188354350.0,0.49,KOSDAQ
275630,0,5253808,0,21382998560.0,0.0,KOSDAQ
031330,0,99995067,0,1816910367390.0,0.0,KOSDAQ
060540,0,26133306,0,37083161214.0,0.0,KOSDAQ
056190,4145,35908760,134505250,1165239262000.0,0.01,KOSDAQ
0008Z0,33830,9436564,1146837000,319899519600.0,0.36,KOSDAQ
246250,52028,15348206,102443132,30220617614.0,0.34,KOSDAQ
041510,479555,22894690,41433552000,1978101216000.0,2.09,KOSDAQ
460870,103300,20073304,316098000,61424310240.0,0.51,KOSDAQ
464080,296712,17947045,4352765040,263283150150.0,1.65,KOSDAQ
109610,314566,48907400,791133490,123002111000.0,0.64,KOSDAQ
365330,1251959,50171000,3774656385,151265565000.0,2.5,KOSDAQ
306040,34668,9865828,128098260,36454234460.0,0.35,KOSDAQ
398120,0,11818511,0,32559997805.0,0.0,KOSDAQ
472230,0,4155000,0,8580075000.0,0.0,KOSDAQ
473000,0,3310000,0,6802050000.0,0.0,KOSDAQ
473950,0,4420000,0,8972600000.0,0.0,KOSDAQ
475660,0,7929835,0,34256887200.0,0.0,KOSDAQ
096630,53762,15876323,155909800,46041336700.0,0.34,KOSDAQ
069510,0,10910000,0,140302600000.0,0.0,KOSDAQ
488280,188135,10803486,5211339500,299256562200.0,1.74,KOSDAQ
234300,169972,27207780,526913200,84344118000.0,0.62,KOSDAQ
039440,87470,15507047,2912751000,516384665100.0,0.56,KOSDAQ
098660,0,12500976,0,20226579168.0,0.0,KOSDAQ
052020,64525,67983291,995620750,1048982180130.0,0.09,KOSDAQ
237690,7022,20858927,973249200,2891047282200.0,0.03,KOSDAQ
458350,0,8683200,0,58177440000.0,0.0,KOSDAQ
050760,0,16334678,0,21774125774.0,0.0,KOSDAQ
288620,11909,6979316,117184560,68676469440.0,0.17,KOSDAQ
443670,139322,24741392,655510010,116408249360.0,0.56,KOSDAQ
317830,55351,10773818,538011720,104721510960.0,0.51,KOSDAQ
058610,213426,22177360,27254500200,2832048872000.0,0.96,KOSDAQ
043340,0,47500000,0,43462500000.0,0.0,KOSDAQ
163280,89979,13603078,482287440,72912498080.0,0.66,KOSDAQ
200710,88120,13462007,4084362000,623964024450.0,0.65,KOSDAQ
475580,18964,13624900,175417000,126030325000.0,0.14,KOSDAQ
096690,0,4022842,0,25142762500.0,0.0,KOSDAQ
298380,84356,55987463,9911830000,6578526902500.0,0.15,KOSDAQ
203400,247732,90101304,527669160,191915777520.0,0.27,KOSDAQ
195990,234851,32575748,256457292,35572716816.0,0.72,KOSDAQ
003800,0,11090000,0,363197500000.0,0.0,KOSDAQ
088800,547855,75506434,2248944775,309953911570.0,0.73,KOSDAQ
241840,0,9539994,0,36156577260.0,0.0,KOSDAQ
364950,18377,8296445,110629540,49944598900.0,0.22,KOSDAQ
453860,0,6444423,0,78041962530.0,0.0,KOSDAQ
312610,0,20256888,0,21512815056.0,0.0,KOSDAQ
172670,31937,8960259,591792610,166033599270.0,0.36,KOSDAQ
481070,7284,14330250,110425440,217246590000.0,0.05,KOSDAQ
060900,0,3991073,0,21950901500.0,0.0,KOSDAQ
445090,86687,10925658,2687297000,338695398000.0,0.79,KOSDAQ
295310,39984,12027291,5317872000,1599629703000.0,0.33,KOSDAQ
072990,0,14498206,0,59080189450.0,0.0,KOSDAQ
044990,27643,7685425,418238590,116280480250.0,0.36,KOSDAQ
239610,13695,5392115,101069100,39793808700.0,0.25,KOSDAQ
036170,452906,61365626,2248678290,304680333090.0,0.74,KOSDAQ
477340,0,7510000,0,15282850000.0,0.0,KOSDAQ
148930,0,10175213,0,28541472465.0,0.0,KOSDAQ
044780,0,18505787,0,26278217540.0,0.0,KOSDAQ
357230,0,41293476,0,117067004460.0,0.0,KOSDAQ
355690,0,9404980,0,42322410000.0,0.0,KOSDAQ
071670,28715,10000000,227997100,79400000000.0,0.29,KOSDAQ
045660,31871,8260000,295444170,76570200000.0,0.39,KOSDAQ
224110,23339,5080386,190913020,41557557480.0,0.46,KOSDAQ
021080,0,48000000,0,149280000000.0,0.0,KOSDAQ
200470,120085,42362093,1143209200,403287125360.0,0.28,KOSDAQ
262260,45077,15077660,407496080,136302046400.0,0.3,KOSDAQ
397030,183368,23413826,10635344000,1358001908000.0,0.78,KOSDAQ
0009K0,74226,64671161,2972751300,2590079998050.0,0.11,KOSDAQ
230240,153410,13309000,5292645000,459160500000.0,1.15,KOSDAQ
159910,0,10467097,0,35274116890.0,0.0,KOSDAQ
230360,0,30998758,0,495980128000.0,0.0,KOSDAQ
097780,0,50732723,0,33686528072.0,0.0,KOSDAQ
038870,183756,14014949,497059980,37910437045.0,1.31,KOSDAQ
448280,50597,29631129,573769980,336017002860.0,0.17,KOSDAQ
101360,456176,17786114,6765090080,263768070620.0,2.56,KOSDAQ
128540,0,26690460,0,43612211640.0,0.0,KOSDAQ
086520,7735190,135776152,1137072930000,19959094344000.0,5.7,KOSDAQ
247540,2479889,97830434,545575580000,21522695480000.0,2.53,KOSDAQ
383310,608538,20974932,19473216000,671197824000.0,2.9,KOSDAQ
038110,676721,41169370,1938805665,117950245050.0,1.64,KOSDAQ
073540,35901,11400000,127448550,40470000000.0,0.31,KOSDAQ
064850,0,11410332,0,322341879000.0,0.0,KOSDAQ
036810,34946,21649789,1258056000,779392404000.0,0.16,KOSDAQ
173940,120000,15392808,421800000,54105720120.0,0.78,KOSDAQ
083500,50722,8575722,1143781100,193382531100.0,0.59,KOSDAQ
317530,52356,17494882,199999920,66830449240.0,0.3,KOSDAQ
054940,0,33173548,0,25112375836.0,0.0,KOSDAQ
950130,0,35173834,0,121701465640.0,0.0,KOSDAQ
373110,0,17294394,0,26979254640.0,0.0,KOSDAQ
205100,488755,70686423,884157795,127871739207.0,0.69,KOSDAQ
356680,116849,28543492,3219189950,786373204600.0,0.41,KOSDAQ
070300,0,28328078,0,51840382740.0,0.0,KOSDAQ
317770,689810,36486545,2255678700,119311002150.0,1.89,KOSDAQ
373200,49863,22496116,154076670,69512998440.0,0.22,KOSDAQ
069920,0,9296521,0,13247542425.0,0.0,KOSDAQ
092870,27446,13050797,953748500,453515195750.0,0.21,KOSDAQ
317870,36532,8841895,233074160,56411290100.0,0.41,KOSDAQ
067570,0,42170000,0,83918300000.0,0.0,KOSDAQ
0004V0,47747,10404468,792600200,172714168800.0,0.46,KOSDAQ
236810,0,16975426,0,24444613440.0,0.0,KOSDAQ
333620,64823,10997910,434962330,73795976100.0,0.59,KOSDAQ
101400,0,11741788,0,22755585144.0,0.0,KOSDAQ
475230,23169,10898683,331548390,155960153730.0,0.21,KOSDAQ
451700,0,14350000,0,49364000000.0,0.0,KOSDAQ
481890,0,6345000,0,13419675000.0,0.0,KOSDAQ
0054V0,0,6216500,0,12650577500.0,0.0,KOSDAQ
0130H0,0,7700000,0,15438500000.0,0.0,KOSDAQ
265740,49257,17863600,298989990,108432052000.0,0.28,KOSDAQ
354200,0,26809750,0,31072500250.0,0.0,KOSDAQ
455900,252814,15301831,6927103600,419270169400.0,1.65,KOSDAQ
419080,0,10685137,0,61866943230.0,0.0,KOSDAQ
183490,0,84640235,0,83793832650.0,0.0,KOSDAQ
182400,356950,72342431,1310006500,265496721770.0,0.49,KOSDAQ
348370,2084656,21910993,78174600000,821662237500.0,9.51,KOSDAQ
069410,0,10244824,0,49226379320.0,0.0,KOSDAQ
227950,1498226,172541047,753607678,86788146641.0,0.87,KOSDAQ
291230,0,44095775,0,28529966425.0,0.0,KOSDAQ
048830,0,18723923,0,18929886153.0,0.0,KOSDAQ
096870,0,8347999,0,18490817785.0,0.0,KOSDAQ
290650,216679,26969704,15709227500,1955303540000.0,0.8,KOSDAQ
156100,45657,22351153,271659150,132989360350.0,0.2,KOSDAQ
0041J0,0,4110000,0,8220000000.0,0.0,KOSDAQ
073110,19400,8895755,118728000,54442020600.0,0.22,KOSDAQ
083310,25262,17810033,356446820,251299565630.0,0.14,KOSDAQ
037950,74946,16889503,238328280,53708619540.0,0.44,KOSDAQ
489500,22572,6391238,884822400,250536529600.0,0.35,KOSDAQ
170920,35348,10564126,1610101400,481195939300.0,0.33,KOSDAQ
058630,108778,19202574,525941630,92844445290.0,0.57,KOSDAQ
226590,126126,10716784,2730627900,232018373600.0,1.18,KOSDAQ
058970,196276,12362794,4828389600,304124732400.0,1.59,KOSDAQ
169330,80000,18316918,152720000,34966996462.0,0.44,KOSDAQ
373170,63314,15113790,153219880,36575371800.0,0.42,KOSDAQ
179290,27840,32365678,142262400,165388614580.0,0.09,KOSDAQ
009780,0,17600000,0,117920000000.0,0.0,KOSDAQ
123040,596459,62628299,1246599310,130893144910.0,0.95,KOSDAQ
432980,0,8591742,0,24228712440.0,0.0,KOSDAQ
007820,198284,20033946,1005299880,101572106220.0,0.99,KOSDAQ
347890,0,16963204,0,93976150160.0,0.0,KOSDAQ
413390,35396,11580180,272903160,89283187800.0,0.31,KOSDAQ
032790,664214,51360212,589157818,45556508044.0,1.29,KOSDAQ
033160,246199,24185077,8370766000,822292618000.0,1.02,KOSDAQ
033310,220900,39972456,360729700,65275020648.0,0.55,KOSDAQ
259630,60061,12222396,900314390,183213716040.0,0.49,KOSDAQ
105550,31897,78307051,22327900,54814935700.0,0.04,KOSDAQ
060850,0,8131000,0,51387920000.0,0.0,KOSDAQ
143540,263486,44599895,389695794,65963244705.0,0.59,KOSDAQ
265560,27632,10690180,247030080,95570209200.0,0.26,KOSDAQ
036000,0,23034277,0,72557972550.0,0.0,KOSDAQ
250930,0,33000440,0,14817197560.0,0.0,KOSDAQ
053280,67202,25000000,206310140,76750000000.0,0.27,KOSDAQ
122640,37458,21418509,1202401800,687534138900.0,0.17,KOSDAQ
476040,42752,6585760,722508800,111299344000.0,0.65,KOSDAQ
900300,1551097,389004876,141149827,35399443716.0,0.4,KOSDAQ
045060,0,16941974,0,38712410590.0,0.0,KOSDAQ
192410,86114,25185909,553713020,161945394870.0,0.34,KOSDAQ
080520,33300,11322417,116383500,39571847415.0,0.29,KOSDAQ
039830,152652,10762890,2810323320,198144804900.0,1.42,KOSDAQ
322310,69511,9366542,2061001150,277717970300.0,0.74,KOSDAQ
046120,775235,33855433,7380237200,322303722160.0,2.29,KOSDAQ
475830,108923,21513325,8005840500,1581229387500.0,0.51,KOSDAQ
014940,705215,45573661,4873035650,314913997510.0,1.55,KOSDAQ
065500,371057,33242912,670499999,60069941984.0,1.12,KOSDAQ
010470,75591,11975050,425577330,67419531500.0,0.63,KOSDAQ
417860,0,4696906,0,35226795000.0,0.0,KOSDAQ
352910,0,12637802,0,69507911000.0,0.0,KOSDAQ
053980,108014,18982783,313780670,55144984615.0,0.57,KOSDAQ
036220,69411,14309416,534464700,110182503200.0,0.49,KOSDAQ
052420,0,97420096,0,141064299008.0,0.0,KOSDAQ
052300,0,16244128,0,25113421888.0,0.0,KOSDAQ
039200,24067,38258176,1015627400,1614495027200.0,0.06,KOSDAQ
226400,24826,20661601,140018640,116531429640.0,0.12,KOSDAQ
031510,0,28000000,0,32256000000.0,0.0,KOSDAQ
342870,0,5450197,0,33355205640.0,0.0,KOSDAQ
368970,0,9135666,0,17586157050.0,0.0,KOSDAQ
138080,74643,12377758,3079023750,510582517500.0,0.6,KOSDAQ
080580,76943,21090955,1765841850,484037417250.0,0.36,KOSDAQ
067170,507232,24994848,2046681120,100854211680.0,2.03,KOSDAQ
353590,0,12875570,0,32446436400.0,0.0,KOSDAQ
173130,44236,13046473,341501920,100718771560.0,0.34,KOSDAQ
440320,0,9830000,0,41335150000.0,0.0,KOSDAQ
049480,88370,31422383,239040850,84997546015.0,0.28,KOSDAQ
394280,235860,26346530,4271424600,477135658300.0,0.9,KOSDAQ
476060,744775,45407840,15044455000,917238368000.0,1.64,KOSDAQ
382150,195655,12195957,1381324300,86103456420.0,1.6,KOSDAQ
244460,0,8125511,0,13415218661.0,0.0,KOSDAQ
226950,213676,20300583,35384745600,3361776544800.0,1.05,KOSDAQ
057540,0,59394268,0,47218443060.0,0.0,KOSDAQ
131030,69016,17646590,476900560,121937936900.0,0.39,KOSDAQ
082210,75200,34963330,135660800,63073847320.0,0.22,KOSDAQ
109080,9365,5636000,141973400,85441760000.0,0.17,KOSDAQ
380540,263347,24456583,2225282150,206658126350.0,1.08,KOSDAQ
153710,30000,14669958,146850000,71809444410.0,0.2,KOSDAQ
432430,39850,16508320,105004750,43499423200.0,0.24,KOSDAQ
338840,137073,15366681,2546816340,285512932980.0,0.89,KOSDAQ
122990,0,26639081,0,225899406880.0,0.0,KOSDAQ
232140,153474,82045350,2948235540,1576091173500.0,0.19,KOSDAQ
112290,91379,20221090,1512322450,334659039500.0,0.45,KOSDAQ
065530,0,47838759,0,85870572405.0,0.0,KOSDAQ
067900,0,18199659,0,122483705070.0,0.0,KOSDAQ
007530,0,22254231,0,47846596650.0,0.0,KOSDAQ
155650,129385,18974358,560883975,82253841930.0,0.68,KOSDAQ
273640,10811,10966000,102163950,103628700000.0,0.1,KOSDAQ
251370,9617,18013213,154160510,288751804390.0,0.05,KOSDAQ
209640,79873,28443146,713265890,253997293780.0,0.28,KOSDAQ
096250,83374,13105344,745363560,117161775360.0,0.64,KOSDAQ
273060,0,50459582,0,59390928014.0,0.0,KOSDAQ
019210,161364,37193728,2917461120,672462602240.0,0.43,KOSDAQ
122870,143854,18691049,6775523400,880348407900.0,0.77,KOSDAQ
079000,0,7200000,0,43056000000.0,0.0,KOSDAQ
403490,147398,45932464,129120648,40236838464.0,0.32,KOSDAQ
032820,8398517,171605186,142018922470,2901843695260.0,4.89,KOSDAQ
041190,2186159,84000000,13663493750,525000000000.0,2.6,KOSDAQ
115440,158770,10794292,2518092200,171197471120.0,1.47,KOSDAQ
046970,693070,43824999,7200997300,455341739610.0,1.58,KOSDAQ
082850,346730,48456578,665374870,92988173182.0,0.72,KOSDAQ
215360,31156,9132163,265449120,77806028760.0,0.34,KOSDAQ
072470,34838,18887341,119668530,64878016335.0,0.18,KOSDAQ
073560,81800,69237643,136769600,115765339096.0,0.12,KOSDAQ
037400,0,26223346,0,24912178700.0,0.0,KOSDAQ
153490,0,51480000,0,41698800000.0,0.0,KOSDAQ
101170,100946,13500000,1405168320,187920000000.0,0.75,KOSDAQ
103840,166940,16366428,445729800,43698362760.0,1.02,KOSDAQ
101970,0,14790009,0,177480108000.0,0.0,KOSDAQ
046940,0,18074350,0,71664797750.0,0.0,KOSDAQ
215380,0,16829576,0,50488728000.0,0.0,KOSDAQ
065680,0,9240471,0,400574417850.0,0.0,KOSDAQ
018620,0,5777858,0,18720259920.0,0.0,KOSDAQ
457550,199184,9318958,4899926400,229246366800.0,2.14,KOSDAQ
396470,27132,16120000,226280880,134440800000.0,0.17,KOSDAQ
307280,0,7094627,0,49591442730.0,0.0,KOSDAQ
032940,105083,18193230,912120440,157917236400.0,0.58,KOSDAQ
240810,672500,49083901,82045000000,5988235922000.0,1.37,KOSDAQ
074600,4390,26288000,168795500,1010773600000.0,0.02,KOSDAQ
104830,0,12608000,0,598880000000.0,0.0,KOSDAQ
014190,0,35399906,0,55188453454.0,0.0,KOSDAQ
217820,68823,47454559,205092540,141414585820.0,0.15,KOSDAQ
030530,485921,77237981,15379399650,2444582098650.0,0.63,KOSDAQ
012620,0,4400000,0,33924000000.0,0.0,KOSDAQ
136150,45104,8381030,676560000,125715450000.0,0.54,KOSDAQ
382840,158491,15271581,1462871930,140956692630.0,1.04,KOSDAQ
336570,2412508,89580646,21712572000,806225814000.0,2.69,KOSDAQ
376980,0,9766394,0,29055022150.0,0.0,KOSDAQ
008370,40000,12000000,206400000,61920000000.0,0.33,KOSDAQ
008290,0,20346839,0,13245792189.0,0.0,KOSDAQ
101160,48045,16510993,1345260000,462307804000.0,0.29,KOSDAQ
336060,0,48155200,0,39583574400.0,0.0,KOSDAQ
095270,34262,14372406,184672180,77467268340.0,0.24,KOSDAQ
289930,0,13149010,0,189082763800.0,0.0,KOSDAQ
065950,176858,28231302,229915400,36700692600.0,0.63,KOSDAQ
076080,131100,22594156,124676100,21487042356.0,0.58,KOSDAQ
043590,0,13568381,0,16539856439.0,0.0,KOSDAQ
196700,0,14364144,0,22508613648.0,0.0,KOSDAQ
069080,104189,30966575,1106487180,328865026500.0,0.34,KOSDAQ
053580,34260,12954436,267570600,101174145160.0,0.26,KOSDAQ
479960,22684,6851000,222530040,67208310000.0,0.33,KOSDAQ
044340,0,17873425,0,82575223500.0,0.0,KOSDAQ
330350,94601,13202139,700047400,97695828600.0,0.72,KOSDAQ
348350,29156,9978600,305554880,104575728000.0,0.29,KOSDAQ
112040,1196047,33948483,23849177180,676932751020.0,3.52,KOSDAQ
101730,510186,83803286,2260123980,371248556980.0,0.61,KOSDAQ
123420,89453,10552334,616331170,72705581260.0,0.85,KOSDAQ
065370,0,7383954,0,32895515070.0,0.0,KOSDAQ
038620,0,15145893,0,30594703860.0,0.0,KOSDAQ
299900,0,171048884,0,59867109400.0,0.0,KOSDAQ
036090,240593,39464095,404677426,66378607790.0,0.61,KOSDAQ
459100,0,13466100,0,92781429000.0,0.0,KOSDAQ
136540,64832,12279746,733898240,139006724720.0,0.53,KOSDAQ
097800,40346,27290045,108934200,73683121500.0,0.15,KOSDAQ
192390,0,11032229,0,19846979971.0,0.0,KOSDAQ
335870,0,16750473,0,26717004435.0,0.0,KOSDAQ
900340,0,50330928,0,37345548576.0,0.0,KOSDAQ
036200,80170,30664223,970057000,371037098300.0,0.26,KOSDAQ
018000,5137684,249260593,5137684000,249260593000.0,2.06,KOSDAQ
203450,0,14079007,0,39702799740.0,0.0,KOSDAQ
011320,0,19320695,0,81919746800.0,0.0,KOSDAQ
086390,313499,21134126,5912591140,398589616360.0,1.48,KOSDAQ
241690,77187,24470706,259348320,82221572160.0,0.32,KOSDAQ
142210,55697,20751403,485677840,180952234160.0,0.27,KOSDAQ
389680,0,8318493,0,21794451660.0,0.0,KOSDAQ
088340,81726,4364368,865478340,46218657120.0,1.87,KOSDAQ
048430,20556,11520000,144303120,80870400000.0,0.18,KOSDAQ
206650,239979,36723307,2589373410,396244482530.0,0.65,KOSDAQ
089850,76190,14730199,367997700,71146861170.0,0.52,KOSDAQ
084440,0,19132421,0,21428311520.0,0.0,KOSDAQ
264450,123014,14665493,1811996220,216022711890.0,0.84,KOSDAQ
078070,85488,17604772,1169475840,240833280960.0,0.49,KOSDAQ
024800,42051,37051812,190070520,167474190240.0,0.11,KOSDAQ
054930,0,3000000,0,66600000000.0,0.0,KOSDAQ
069330,0,15088643,0,17397205379.0,0.0,KOSDAQ
049520,0,30842625,0,118589893125.0,0.0,KOSDAQ
473050,0,7010000,0,14545750000.0,0.0,KOSDAQ
474490,0,5510000,0,11295500000.0,0.0,KOSDAQ
493790,0,5310000,0,10726200000.0,0.0,KOSDAQ
263770,0,23700172,0,45077727144.0,0.0,KOSDAQ
388720,167235,11781345,15686643000,1105090161000.0,1.42,KOSDAQ
340930,1089223,68875785,877913738,55513882710.0,1.58,KOSDAQ
023410,115947,77310863,422626815,281798095635.0,0.15,KOSDAQ
056080,663367,37512152,15788134600,892789217600.0,1.77,KOSDAQ
468760,0,4240000,0,8819200000.0,0.0,KOSDAQ
488060,0,4720000,0,9676000000.0,0.0,KOSDAQ
0105P0,0,5660000,0,11320000000.0,0.0,KOSDAQ
084370,181017,22916042,25107057900,3178455025400.0,0.79,KOSDAQ
240600,0,6928151,0,19572026575.0,0.0,KOSDAQ
179900,60901,19790412,1425083400,463095640800.0,0.31,KOSDAQ
263050,114100,36834856,109421900,35324626904.0,0.31,KOSDAQ
191410,0,11204255,0,20436561120.0,0.0,KOSDAQ
372170,43086,7979048,1271037000,235381916000.0,0.54,KOSDAQ
146060,0,24015595,0,28146277340.0,0.0,KOSDAQ
039020,170624,22584709,535759360,70915986260.0,0.76,KOSDAQ
067920,0,10996119,0,70155239220.0,0.0,KOSDAQ
044960,171300,12641883,628671000,46395710610.0,1.36,KOSDAQ
303530,30296,7339299,123456200,29907643425.0,0.41,KOSDAQ
302430,0,9833208,0,101577038640.0,0.0,KOSDAQ
462350,65481,20868662,1055553720,336402831440.0,0.31,KOSDAQ
274400,47796,9086493,154620060,29394804855.0,0.53,KOSDAQ
296640,0,5178252,0,35367461160.0,0.0,KOSDAQ
215790,357518,40283149,841954890,94866815895.0,0.89,KOSDAQ
344860,0,12030000,0,18020940000.0,0.0,KOSDAQ
333050,0,4922665,0,33031082150.0,0.0,KOSDAQ
469610,101121,8934900,2260054350,199695015000.0,1.13,KOSDAQ
088390,22696,9385844,267131920,110471383880.0,0.24,KOSDAQ
272290,404230,19937509,14329953500,706784694050.0,2.03,KOSDAQ
053350,44995,22021065,123961225,60668034075.0,0.2,KOSDAQ
452400,0,9071428,0,70575709840.0,0.0,KOSDAQ
264850,515376,30294612,3880781280,228118428360.0,1.7,KOSDAQ
054210,35601,25291210,434332200,308552762000.0,0.14,KOSDAQ
009730,0,71779526,0,18662676760.0,0.0,KOSDAQ
065440,400767,27275020,1334554110,90825816600.0,1.47,KOSDAQ
424870,791546,74442069,4907585200,461540827800.0,1.06,KOSDAQ
115610,0,11818769,0,26237667180.0,0.0,KOSDAQ
478110,0,5020000,0,10265900000.0,0.0,KOSDAQ
131400,1545681,59591882,2474635281,95406603082.0,2.59,KOSDAQ
351330,63687,8288520,442624650,57605214000.0,0.77,KOSDAQ
080010,0,9835071,0,76811904510.0,0.0,KOSDAQ
086890,0,40774646,0,151885556350.0,0.0,KOSDAQ
047560,94529,11753082,1162706700,144562908600.0,0.8,KOSDAQ
239340,0,26979634,0,32375560800.0,0.0,KOSDAQ
067010,0,10888500,0,24063585000.0,0.0,KOSDAQ
456070,40969,11028717,456804350,122970194550.0,0.37,KOSDAQ
102710,25721,14287836,1288622100,715820583600.0,0.18,KOSDAQ
041520,38280,12188730,456680400,145411548900.0,0.31,KOSDAQ
063760,39200,9325130,143472000,34129975800.0,0.42,KOSDAQ
123570,0,22276078,0,42302272122.0,0.0,KOSDAQ
083470,0,21340329,0,21895177554.0,0.0,KOSDAQ
091120,19868,17132936,117419880,101255651760.0,0.12,KOSDAQ
039030,134929,12319550,73806163000,6738793850000.0,1.1,KOSDAQ
294090,340151,41809105,506824990,62295566450.0,0.81,KOSDAQ
088290,0,39880364,0,25124629320.0,0.0,KOSDAQ
353810,18579,33081920,127080360,226280332800.0,0.06,KOSDAQ
261520,27708,10277800,167356320,62077912000.0,0.27,KOSDAQ
099750,0,13659173,0,104082898260.0,0.0,KOSDAQ
377330,27593,8139954,100162590,29548033020.0,0.34,KOSDAQ
035810,43735,64516185,229608750,338709971250.0,0.07,KOSDAQ
092130,33285,12043600,474311250,171621300000.0,0.28,KOSDAQ
134060,43000,4769250,168345000,18671613750.0,0.9,KOSDAQ
001840,107603,28256809,238340645,62588831935.0,0.38,KOSDAQ
041830,18630,13480882,856980000,620120572000.0,0.14,KOSDAQ
352940,45600,10867730,100092000,23854667350.0,0.42,KOSDAQ
079950,0,13799100,0,14709840600.0,0.0,KOSDAQ
0007J0,20466,7865714,316199700,121525281300.0,0.26,KOSDAQ
389470,264111,13285216,14420460600,725372793600.0,1.99,KOSDAQ
277410,0,38411505,0,37643274900.0,0.0,KOSDAQ
060150,435173,46563612,1727636810,184857539640.0,0.93,KOSDAQ
033230,736390,50515380,1222407400,83855530800.0,1.46,KOSDAQ
450520,60950,14704578,168526750,40658158170.0,0.41,KOSDAQ
465480,0,10137772,0,60928009720.0,0.0,KOSDAQ
037330,0,43885224,0,57182446872.0,0.0,KOSDAQ
100030,0,3283714,0,62718937400.0,0.0,KOSDAQ
211050,40430,49263657,401469900,489188114010.0,0.08,KOSDAQ
083640,91406,15544070,132812918,22585533710.0,0.59,KOSDAQ
064090,0,49742745,0,39694710510.0,0.0,KOSDAQ
216050,0,12843222,0,78728950860.0,0.0,KOSDAQ
049070,165987,17200000,3601917900,373240000000.0,0.97,KOSDAQ
119610,10055,11413747,217690750,247107622550.0,0.09,KOSDAQ
017250,0,21045467,0,22792240761.0,0.0,KOSDAQ
051370,0,23327472,0,292059949440.0,0.0,KOSDAQ
064290,86678,12863962,3683815000,546718385000.0,0.67,KOSDAQ
189300,42519,10737497,6535170300,1650353288900.0,0.4,KOSDAQ
287840,4459,15021960,140681450,473942838000.0,0.03,KOSDAQ
048530,355123,30891758,1076022690,93602026740.0,1.15,KOSDAQ
070590,107700,13879521,184490100,23775619473.0,0.78,KOSDAQ
115310,0,15964415,0,158845929250.0,0.0,KOSDAQ
039290,0,8693978,0,35297550680.0,0.0,KOSDAQ
071200,51118,24396458,426324120,203466459720.0,0.21,KOSDAQ
101930,101605,46164410,1188778500,540123597000.0,0.22,KOSDAQ
333430,102857,30726747,496799310,148410188010.0,0.33,KOSDAQ
068330,243318,44216140,303417546,55137526580.0,0.55,KOSDAQ
178780,0,18639195,0,47157163350.0,0.0,KOSDAQ
019540,17895,13513500,128307150,96891795000.0,0.13,KOSDAQ
094820,77023,15078709,1226976390,240203834370.0,0.51,KOSDAQ
950140,0,19867866,0,199672053300.0,0.0,KOSDAQ
049550,53000,19606277,185235000,68523938115.0,0.27,KOSDAQ
389020,56534,6905082,2549683400,311419198200.0,0.82,KOSDAQ
254120,183688,30754270,237692272,39796025380.0,0.6,KOSDAQ
043910,27562,11339145,100876920,41501270700.0,0.24,KOSDAQ
234920,32451,13530910,172314810,71849132100.0,0.24,KOSDAQ
289220,89980,22312221,193007100,47859714045.0,0.4,KOSDAQ
049630,257117,23379512,3157396760,287100407360.0,1.1,KOSDAQ
417840,175188,22663931,3247985520,420189280740.0,0.77,KOSDAQ
110020,89605,9058762,178313950,18026936380.0,0.99,KOSDAQ
208140,412667,32684246,988337465,78278769170.0,1.26,KOSDAQ
040420,0,15677552,0,91556903680.0,0.0,KOSDAQ
045510,0,32209292,0,32531384920.0,0.0,KOSDAQ
217190,43200,13153761,298512000,90892488510.0,0.33,KOSDAQ
095700,577548,45540494,2313079740,182389678470.0,1.27,KOSDAQ
122310,0,14553844,0,63818605940.0,0.0,KOSDAQ
361390,45302,9736381,1130284900,242922705950.0,0.47,KOSDAQ
225220,0,19190021,0,34599607863.0,0.0,KOSDAQ
123330,50818,7968680,1002639140,157222056400.0,0.64,KOSDAQ
381620,137360,13117920,1881832000,179715504000.0,1.05,KOSDAQ
159580,133429,20032636,434978540,65306393360.0,0.67,KOSDAQ
147830,44369,20000000,443246310,199800000000.0,0.22,KOSDAQ
033100,1333388,16062409,90537045200,1090637571100.0,8.3,KOSDAQ
079370,222172,31016990,3048199840,425553102800.0,0.72,KOSDAQ
054950,19380,12089892,448647000,279880999800.0,0.16,KOSDAQ
090470,69902,17476594,455761040,113947392880.0,0.4,KOSDAQ
023440,573813,90142761,298956573,46964378481.0,0.64,KOSDAQ
137950,284100,22267814,1039806000,81500199240.0,1.28,KOSDAQ
033320,88864,19114432,362565120,77986882560.0,0.46,KOSDAQ
417500,82741,32784744,352062955,139499085720.0,0.25,KOSDAQ
204270,628596,57848466,13986261000,1287128368500.0,1.09,KOSDAQ
127120,261963,34621046,10321342200,1364069212400.0,0.76,KOSDAQ
026040,66457,16503790,168800780,41919626600.0,0.4,KOSDAQ
452160,0,9617527,0,50876717830.0,0.0,KOSDAQ
126880,181134,23204903,613138590,78548596655.0,0.78,KOSDAQ
322510,587144,25725892,2929848560,128372201080.0,2.28,KOSDAQ
033050,0,32579342,0,29777518588.0,0.0,KOSDAQ
094970,0,16748240,0,56944016000.0,0.0,KOSDAQ
418550,161021,32017673,1544191390,307049484070.0,0.5,KOSDAQ
060230,0,55861895,0,22568205580.0,0.0,KOSDAQ
420570,0,5847483,0,58533304830.0,0.0,KOSDAQ
089790,32995,10315513,220406600,68907626840.0,0.32,KOSDAQ
0010V0,0,5105400,0,49777650000.0,0.0,KOSDAQ
412540,0,20600665,0,81063616775.0,0.0,KOSDAQ
199820,149896,22220000,2068564800,306636000000.0,0.67,KOSDAQ
038010,0,9000000,0,59580000000.0,0.0,KOSDAQ
080220,374202,34442833,44492617800,4095252843700.0,1.09,KOSDAQ
216080,35862,37287099,195089280,202841818560.0,0.1,KOSDAQ
337930,276114,29676475,893228790,96003396625.0,0.93,KOSDAQ
229000,123469,23428165,319784710,60678947350.0,0.53,KOSDAQ
082270,1009262,44269203,17076713040,749034914760.0,2.28,KOSDAQ
034940,154200,30979827,125364600,25186599351.0,0.5,KOSDAQ
067000,256525,69903446,420957525,114711554886.0,0.37,KOSDAQ
309930,0,24487048,0,54116376080.0,0.0,KOSDAQ
018700,0,11706586,0,22183980470.0,0.0,KOSDAQ
033340,516312,96950558,587046744,110232784446.0,0.53,KOSDAQ
036930,1780399,46481121,417503565500,10899822874500.0,3.83,KOSDAQ
072020,53694,9458687,526738140,92789719470.0,0.57,KOSDAQ
000440,8633,6227130,153149420,110469286200.0,0.14,KOSDAQ
051980,3430642,111091709,5959025154,192966298533.0,3.09,KOSDAQ
221800,51368,16232474,584567840,184725554120.0,0.32,KOSDAQ
228760,29482,24859202,406851600,343056987600.0,0.12,KOSDAQ
314130,214014,44707885,1219879800,254834944500.0,0.48,KOSDAQ
389030,158353,33525445,632620235,133934152775.0,0.47,KOSDAQ
263860,38790,9079600,679600800,159074592000.0,0.43,KOSDAQ
303030,0,9157476,0,22435816200.0,0.0,KOSDAQ
208350,0,8101570,0,24993343450.0,0.0,KOSDAQ
446840,232000,55083083,287680000,68303022920.0,0.42,KOSDAQ
144510,184672,15800344,3795009600,324697069200.0,1.17,KOSDAQ
340450,40146,23650793,274598640,161771424120.0,0.17,KOSDAQ
306620,322155,47942184,1224189000,182180299200.0,0.67,KOSDAQ
358570,750745,64270771,10615534300,908788701940.0,1.17,KOSDAQ
382480,51435,39357140,138874500,106264278000.0,0.13,KOSDAQ
382800,214071,31831041,1896669060,282023023260.0,0.67,KOSDAQ
051160,80840,15474430,626510000,119926832500.0,0.52,KOSDAQ
053050,94396,29987597,206255260,65522899445.0,0.31,KOSDAQ
388610,0,5303709,0,41740189830.0,0.0,KOSDAQ
493330,0,7682146,0,128829588420.0,0.0,KOSDAQ
119850,554065,16448909,15153677750,449877661150.0,3.37,KOSDAQ
065060,0,4760160,0,14566089600.0,0.0,KOSDAQ
204840,123000,77549006,116850000,73671555700.0,0.16,KOSDAQ
311320,0,12614560,0,115927806400.0,0.0,KOSDAQ
456160,287730,16545359,18328401000,1053939368300.0,1.74,KOSDAQ
388050,126161,18709437,1436973790,213100487430.0,0.67,KOSDAQ
018120,0,6621120,0,114545376000.0,0.0,KOSDAQ
109820,164515,20393640,327713880,40624130880.0,0.81,KOSDAQ
086060,0,8610587,0,34743718545.0,0.0,KOSDAQ
036890,38973,22032623,619670700,350318705700.0,0.18,KOSDAQ
363250,0,8508382,0,35565036760.0,0.0,KOSDAQ
007370,0,14134587,0,65231119005.0,0.0,KOSDAQ
285800,0,17477270,0,25324564230.0,0.0,KOSDAQ
085660,115102,92969748,1642505540,1326678303960.0,0.12,KOSDAQ
261780,516895,26912996,1666986375,86794412100.0,1.92,KOSDAQ
351870,0,11160642,0,36551102550.0,0.0,KOSDAQ
094850,36837,14000000,183079890,69580000000.0,0.26,KOSDAQ
004650,45636,9190885,441300120,88875857950.0,0.5,KOSDAQ
0011T0,99687,46785280,1411567920,662479564800.0,0.21,KOSDAQ
278280,111618,12180680,5647870800,616342408000.0,0.92,KOSDAQ
362320,42592,21151290,198052800,98353498500.0,0.2,KOSDAQ
066360,0,47952015,0,40471500660.0,0.0,KOSDAQ
047820,146673,24453930,714297510,119090639100.0,0.6,KOSDAQ
094360,203566,21334174,3582761600,375481462400.0,0.95,KOSDAQ
0082N0,0,13216780,0,376678230000.0,0.0,KOSDAQ
016920,0,26493538,0,25089380486.0,0.0,KOSDAQ
284620,0,33086953,0,35965517911.0,0.0,KOSDAQ
293490,2606058,89786911,26216943480,903256324660.0,2.9,KOSDAQ
140430,0,53447539,0,40192549328.0,0.0,KOSDAQ
042000,31057,24253054,655302700,511739439400.0,0.13,KOSDAQ
313760,0,11207186,0,5244963048.0,0.0,KOSDAQ
071850,280764,24260938,427603572,36949408574.0,1.16,KOSDAQ
198080,0,21535185,0,66328369800.0,0.0,KOSDAQ
210120,0,24237478,0,28406324216.0,0.0,KOSDAQ
050110,0,29224823,0,47344213260.0,0.0,KOSDAQ
452300,250458,14169505,885369030,50089200175.0,1.77,KOSDAQ
451760,102881,15991804,2022640460,314398866640.0,0.64,KOSDAQ
900310,0,64041675,0,33301671000.0,0.0,KOSDAQ
078340,94042,12091313,2670792800,343393289200.0,0.78,KOSDAQ
063080,65937,6595192,1033232790,103346658640.0,1.0,KOSDAQ
307930,56326,15610000,501864660,139085100000.0,0.36,KOSDAQ
079190,0,19177757,0,18698313075.0,0.0,KOSDAQ
263700,0,19414200,0,44846802000.0,0.0,KOSDAQ
214370,794658,53715000,71916549000,4861207500000.0,1.48,KOSDAQ
221980,0,4034800,0,41437396000.0,0.0,KOSDAQ
038530,160720,23142869,187720960,27030870992.0,0.69,KOSDAQ
192250,46087,7067125,542904860,83250732500.0,0.65,KOSDAQ
431190,26080,7486442,104580800,30020632420.0,0.35,KOSDAQ
115500,62652,12000000,1290631200,247200000000.0,0.52,KOSDAQ
089150,152445,17150000,437517150,49220500000.0,0.89,KOSDAQ
025880,99601,16715858,259958610,43628389380.0,0.6,KOSDAQ
093320,14423,4880000,1635568200,553392000000.0,0.3,KOSDAQ
093640,170663,32675446,759450350,145405734700.0,0.52,KOSDAQ
073010,153269,40191250,723429680,189702700000.0,0.38,KOSDAQ
105330,34236,16019520,324899640,152025244800.0,0.21,KOSDAQ
053080,181646,12999807,2424974100,173547423450.0,1.4,KOSDAQ
199430,112673,11144043,2343598400,231796094400.0,1.01,KOSDAQ
432470,34446,8771556,407151720,103679791920.0,0.39,KOSDAQ
272110,0,8025395,0,288111680500.0,0.0,KOSDAQ
039420,0,22946994,0,64481053140.0,0.0,KOSDAQ
083550,79650,13556165,263641500,44870906150.0,0.59,KOSDAQ
032500,196129,42191701,6982192400,1502024555600.0,0.46,KOSDAQ
225430,0,5577410,0,15003232900.0,0.0,KOSDAQ
102370,139135,27229210,434796875,85091281250.0,0.51,KOSDAQ
068100,0,11927536,0,31130868960.0,0.0,KOSDAQ
106080,0,5761817,0,9506998050.0,0.0,KOSDAQ
455180,0,13958316,0,32453084700.0,0.0,KOSDAQ
036030,0,49019283,0,237253329720.0,0.0,KOSDAQ
064820,247512,30860215,3190429680,397788171350.0,0.8,KOSDAQ
024880,94212,20162754,536066280,114726070260.0,0.47,KOSDAQ
042040,0,24709362,0,23720987520.0,0.0,KOSDAQ
054410,30200,5726444,104643000,19842128460.0,0.53,KOSDAQ
288180,0,7393262,0,186679865500.0,0.0,KOSDAQ
258610,112000,36485063,134064000,43672620411.0,0.31,KOSDAQ
274090,88445,13729578,3029241250,470238046500.0,0.64,KOSDAQ
089010,358023,16770027,14822152200,694279117800.0,2.13,KOSDAQ
220260,99531,32072055,554387670,178641346350.0,0.31,KOSDAQ
052400,22277,14563291,1307659900,854865181700.0,0.15,KOSDAQ
402030,68630,12517488,1164651100,212421771360.0,0.55,KOSDAQ
391710,298543,42620470,598578715,85454042350.0,0.7,KOSDAQ
046070,0,15486089,0,159196994920.0,0.0,KOSDAQ
047770,213563,37842602,671655635,119014983290.0,0.56,KOSDAQ
080530,113880,11102175,383775600,37414329750.0,1.03,KOSDAQ
104540,72058,12785740,352003330,62458339900.0,0.56,KOSDAQ
027050,792985,40000000,1348074500,68000000000.0,1.98,KOSDAQ
190650,0,6388000,0,49762520000.0,0.0,KOSDAQ
123410,42214,27841064,298030840,196557911840.0,0.15,KOSDAQ
036690,0,43567455,0,125692107675.0,0.0,KOSDAQ
049430,65101,9048000,1200462440,166845120000.0,0.72,KOSDAQ
183300,85756,10460684,8103942000,988534638000.0,0.82,KOSDAQ
041960,890100,73886495,6764760000,561537362000.0,1.2,KOSDAQ
089890,46921,16584962,1921414950,679154193900.0,0.28,KOSDAQ
360350,34194,5737970,443496180,74421470900.0,0.6,KOSDAQ
082660,0,99640869,0,47827617120.0,0.0,KOSDAQ
043710,0,17312502,0,77386883940.0,0.0,KOSDAQ
222040,75866,20628000,615273260,167293080000.0,0.37,KOSDAQ
241710,6229,10680000,464060500,795660000000.0,0.06,KOSDAQ
439960,27143,32108906,1221435000,1444900770000.0,0.08,KOSDAQ
355150,12225,7797350,584355000,372713330000.0,0.16,KOSDAQ
166480,259861,52870376,954989175,194298631800.0,0.49,KOSDAQ
045970,69829,26314876,349843290,131837528760.0,0.27,KOSDAQ
196450,124400,45319582,185356000,67526177180.0,0.27,KOSDAQ
384470,173221,17946692,595014135,61646887020.0,0.97,KOSDAQ
102940,0,13090603,0,725219406200.0,0.0,KOSDAQ
950160,0,84736050,0,9244703055000.0,0.0,KOSDAQ
056360,77843,9796800,876512180,110311968000.0,0.79,KOSDAQ
282880,89693,11694082,1381272200,180088862800.0,0.77,KOSDAQ
121850,0,5056999,0,12465502535.0,0.0,KOSDAQ
448710,0,5285292,0,93972491760.0,0.0,KOSDAQ
126730,35026,8770126,819608400,205220948400.0,0.4,KOSDAQ
015710,57168,17530500,197229600,60480225000.0,0.33,KOSDAQ
052330,43201,17761589,505451700,207810591300.0,0.24,KOSDAQ
322780,0,44874154,0,20552362532.0,0.0,KOSDAQ
200130,381909,29415558,4300295340,331219183080.0,1.3,KOSDAQ
294570,116149,10091732,3002451650,260871272200.0,1.15,KOSDAQ
464490,63552,11482113,641875200,115969341300.0,0.55,KOSDAQ
317690,51620,20135029,174475600,68056398020.0,0.26,KOSDAQ
432720,99538,14187572,2050482800,292263983200.0,0.7,KOSDAQ
365270,254068,21924566,3650957160,315056013420.0,1.16,KOSDAQ
348080,287026,115449781,171641548,69038969038.0,0.25,KOSDAQ
060280,796295,41259790,10351835000,536377270000.0,1.93,KOSDAQ
372320,56965,15225918,2053588250,548894343900.0,0.37,KOSDAQ
051780,0,5464536,0,18032968800.0,0.0,KOSDAQ
115180,243057,37304987,7656295500,1175107090500.0,0.65,KOSDAQ
494120,37682,7616482,1552498400,313799058400.0,0.49,KOSDAQ
445680,120179,17203255,10972342700,1570657181500.0,0.7,KOSDAQ
182360,28511,15549849,210126070,114602387130.0,0.18,KOSDAQ
405100,21826,12289301,431281760,242836587760.0,0.18,KOSDAQ
066310,52473,9271621,822251910,145286301070.0,0.57,KOSDAQ
377460,0,62055687,0,253187202960.0,0.0,KOSDAQ
016600,0,178247112,0,52226403816.0,0.0,KOSDAQ
355390,170878,15874344,454535480,42225755040.0,1.08,KOSDAQ
096240,178808,10738180,1721921040,103408673400.0,1.67,KOSDAQ
040350,62788,19520532,278464780,86573559420.0,0.32,KOSDAQ
110790,60141,23430960,209591385,81656895600.0,0.26,KOSDAQ
900250,0,143260004,0,94981382652.0,0.0,KOSDAQ
045520,55695,6500000,155389050,18135000000.0,0.86,KOSDAQ
214150,587932,65235659,29631772800,3287877213600.0,0.9,KOSDAQ
466100,651278,25459239,28558540300,1116387630150.0,2.56,KOSDAQ
237880,89777,18071353,1081812850,217759803650.0,0.5,KOSDAQ
139670,0,14118810,0,25018531320.0,0.0,KOSDAQ
475430,39603,17848110,236825940,106731697800.0,0.22,KOSDAQ
487720,0,4230000,0,8565750000.0,0.0,KOSDAQ
489480,0,6600000,0,13398000000.0,0.0,KOSDAQ
466690,0,5095000,0,10190000000.0,0.0,KOSDAQ
0131D0,0,6310000,0,12537970000.0,0.0,KOSDAQ
054780,131252,19657793,262504000,39315586000.0,0.67,KOSDAQ
256940,292154,20078147,2021705680,138940777240.0,1.46,KOSDAQ
219130,12882,6314290,827024400,405377418000.0,0.2,KOSDAQ
336680,49077,39145558,167843340,133877808360.0,0.13,KOSDAQ
360070,53178,8186243,824259000,126886766500.0,0.65,KOSDAQ
065130,70000,16004000,320250000,73218300000.0,0.44,KOSDAQ
134580,96396,49294149,143533644,73398987861.0,0.2,KOSDAQ
023160,181221,25867242,6850153800,977781747600.0,0.7,KOSDAQ
323280,1338827,30537980,95860013200,2186519368000.0,4.38,KOSDAQ
053620,0,8600000,0,62780000000.0,0.0,KOSDAQ
044490,219007,20007381,9044989100,826304835300.0,1.09,KOSDAQ
124560,318729,38720811,699610155,84992180145.0,0.82,KOSDAQ
191420,0,8108834,0,87980848900.0,0.0,KOSDAQ
950250,0,35517731,0,164091917220.0,0.0,KOSDAQ
073640,0,106378770,0,69571715580.0,0.0,KOSDAQ
066700,42892,37152376,120740980,104583938440.0,0.12,KOSDAQ
095610,125278,19360000,15885250400,2454848000000.0,0.65,KOSDAQ
064520,0,22351062,0,40678932840.0,0.0,KOSDAQ
089030,1160626,37053645,66735995000,2130584587500.0,3.13,KOSDAQ
054450,47793,15144233,881780850,279411098850.0,0.32,KOSDAQ
200230,241567,71523533,114261191,33830631109.0,0.34,KOSDAQ
393210,108088,15614544,398844720,57617667360.0,0.69,KOSDAQ
475960,83666,13383274,3907202200,624998895800.0,0.63,KOSDAQ
215480,0,8950000,0,21927500000.0,0.0,KOSDAQ
051360,0,14917843,0,299848644300.0,0.0,KOSDAQ
045340,0,8558040,0,59478378000.0,0.0,KOSDAQ
108230,102788,38023245,437362940,161788907475.0,0.27,KOSDAQ
079970,0,12829234,0,7646223464.0,0.0,KOSDAQ
199800,12086,8993829,859314600,639461241900.0,0.13,KOSDAQ
417790,17006,10468391,114790500,70661639250.0,0.16,KOSDAQ
290090,0,7440268,0,44195191920.0,0.0,KOSDAQ
026150,168222,17546331,869707740,90714531270.0,0.96,KOSDAQ
464280,12731,5530000,103121100,44793000000.0,0.23,KOSDAQ
117730,524139,22558043,9874778760,424993530120.0,2.32,KOSDAQ
033830,0,100000000,0,49400000000.0,0.0,KOSDAQ
057680,0,14249700,0,34128031500.0,0.0,KOSDAQ
204610,50000,55521220,147000000,163232386800.0,0.09,KOSDAQ
125020,108075,35038550,994290000,322354660000.0,0.31,KOSDAQ
064760,166023,11179416,50387980500,3392952756000.0,1.49,KOSDAQ
246710,138116,47664504,316285640,109151714160.0,0.29,KOSDAQ
340570,20811,8128000,1304849700,509625600000.0,0.26,KOSDAQ
043220,0,15922416,0,27227331360.0,0.0,KOSDAQ
277880,46873,19843212,228974605,96934090620.0,0.24,KOSDAQ
131290,0,11061429,0,2516475097500.0,0.0,KOSDAQ
425420,45511,12347181,2748864400,745769732400.0,0.37,KOSDAQ
484810,123018,15450915,1970748360,247523658300.0,0.8,KOSDAQ
131100,0,32246724,0,34890955368.0,0.0,KOSDAQ
356860,17529,9832630,2312075100,1296923897000.0,0.18,KOSDAQ
321550,61391,30038475,464115960,227090871000.0,0.2,KOSDAQ
425040,261003,21374682,7073181300,579253882200.0,1.22,KOSDAQ
241790,36152,10002634,281262560,77820492520.0,0.36,KOSDAQ
022220,0,51794579,0,38586961355.0,0.0,KOSDAQ
104480,604566,90895434,1308885390,196788614610.0,0.67,KOSDAQ
081150,69678,24268402,254673090,88701009310.0,0.29,KOSDAQ
130740,0,11276679,0,22948041765.0,0.0,KOSDAQ
084730,103295,11109424,814997550,87653355360.0,0.93,KOSDAQ
440110,0,50096827,0,5851309393600.0,0.0,KOSDAQ
290560,0,22362730,0,30368587340.0,0.0,KOSDAQ
288330,255650,106080948,106350400,44129674368.0,0.24,KOSDAQ
033540,0,52246331,0,47962131858.0,0.0,KOSDAQ
388870,15463,12945932,106385440,89068012160.0,0.12,KOSDAQ
043200,439352,41804315,390144576,37122231720.0,1.05,KOSDAQ
214450,106229,10389648,33143448000,3241570176000.0,1.02,KOSDAQ
177830,0,13493951,0,33869817010.0,0.0,KOSDAQ
037070,35647,20000000,245964300,138000000000.0,0.18,KOSDAQ
150900,56783,11703922,275113635,56705502090.0,0.49,KOSDAQ
037030,64398,25512992,494576640,195939778560.0,0.25,KOSDAQ
047310,123367,36610755,641508400,190375926000.0,0.34,KOSDAQ
368770,178575,32854225,3642930000,670226190000.0,0.54,KOSDAQ
170790,0,6397335,0,61990176150.0,0.0,KOSDAQ
900100,0,52760502,0,21262482306.0,0.0,KOSDAQ
049120,0,10601663,0,23853741750.0,0.0,KOSDAQ
038950,68000,10210765,224060000,33644470675.0,0.67,KOSDAQ
387570,0,5625900,0,38874969000.0,0.0,KOSDAQ
441270,74045,41731212,784877000,442350847200.0,0.18,KOSDAQ
106240,136743,23502861,296732310,51001208370.0,0.58,KOSDAQ
131760,47960,8686316,267616800,48469643280.0,0.55,KOSDAQ
065690,0,14049331,0,21467377768.0,0.0,KOSDAQ
140860,323323,7002469,92632039500,2006207368500.0,4.62,KOSDAQ
091700,31835,50000000,229530350,360500000000.0,0.06,KOSDAQ
032800,51200,9191411,104448000,18750478440.0,0.56,KOSDAQ
318010,0,7929338,0,28664556870.0,0.0,KOSDAQ
027710,1283607,111416600,1582687431,137376667800.0,1.15,KOSDAQ
225590,0,5121376,0,22815730080.0,0.0,KOSDAQ
054300,0,57870945,0,62963588160.0,0.0,KOSDAQ
068050,0,27694076,0,36029992876.0,0.0,KOSDAQ
222110,42087,13514509,217589790,69870011530.0,0.31,KOSDAQ
271830,112112,29490202,144288144,37953889974.0,0.38,KOSDAQ
263750,1285047,64247855,58019872050,2900790653250.0,2.0,KOSDAQ
251970,30050,12400000,1153920000,476160000000.0,0.24,KOSDAQ
187660,224279,55466253,1693306450,418770210150.0,0.4,KOSDAQ
0015S0,82766,9866730,970017520,115638075600.0,0.84,KOSDAQ
168360,35623,21707567,822891300,501444797700.0,0.16,KOSDAQ
087010,1139081,23317350,308121410500,6307343175000.0,4.89,KOSDAQ
064800,42802,25561459,133756250,79879559375.0,0.17,KOSDAQ
119500,70165,11847232,269433600,45493370880.0,0.59,KOSDAQ
389140,245454,14269735,1821268680,105881433700.0,1.72,KOSDAQ
105760,45239,10177387,245647770,55263211410.0,0.44,KOSDAQ
009520,414449,41642703,7356469750,739157978250.0,1.0,KOSDAQ
189690,0,27321969,0,52622112294.0,0.0,KOSDAQ
318020,0,12301272,0,38564487720.0,0.0,KOSDAQ
256630,0,11599414,0,63796777000.0,0.0,KOSDAQ
331380,139664,32411489,324718800,75356711925.0,0.43,KOSDAQ
208710,77860,13180132,276013700,46723567940.0,0.59,KOSDAQ
472850,26573,57571652,125690290,272313913960.0,0.05,KOSDAQ
039980,299009,14381214,2661180100,127992804600.0,2.08,KOSDAQ
041910,223714,13283350,1570472280,93249117000.0,1.68,KOSDAQ
234100,133218,14601636,578166120,63371100240.0,0.91,KOSDAQ
041020,1082189,49683793,4653412700,213640309900.0,2.18,KOSDAQ
114630,82522,17235248,167519660,34987553440.0,0.48,KOSDAQ
487580,0,25182861,0,165199568160.0,0.0,KOSDAQ
290720,0,35122142,0,112039632980.0,0.0,KOSDAQ
005670,21122,10000000,137504220,65100000000.0,0.21,KOSDAQ
094940,52479,8361386,659661030,105102622020.0,0.63,KOSDAQ
007330,14449,15082800,166452480,173753856000.0,0.1,KOSDAQ
093380,0,9879313,0,28205438615.0,0.0,KOSDAQ
023900,54547,12600000,486013770,112266000000.0,0.43,KOSDAQ
371950,113518,22662548,964903000,192631658000.0,0.5,KOSDAQ
298060,0,8840635,0,27096546275.0,0.0,KOSDAQ
370090,70777,8556830,840122990,101569572100.0,0.83,KOSDAQ
445180,26736,17189188,331259040,212974039320.0,0.16,KOSDAQ
220100,29444,22427420,494659200,376780656000.0,0.13,KOSDAQ
035200,0,9730590,0,33132658950.0,0.0,KOSDAQ
334970,249758,77752637,500764790,155894037185.0,0.32,KOSDAQ
227100,0,24134182,0,14770119384.0,0.0,KOSDAQ
321260,49122,28192084,238241700,136731607400.0,0.17,KOSDAQ
053610,1131,9000000,106087800,844200000000.0,0.01,KOSDAQ
468530,61869,11035208,2889282300,515344213600.0,0.56,KOSDAQ
303360,0,12879715,0,60019471900.0,0.0,KOSDAQ
377220,155681,28310000,160351430,29159300000.0,0.55,KOSDAQ
335810,0,21949506,0,45106234830.0,0.0,KOSDAQ
053160,18073,6000000,147114220,48840000000.0,0.3,KOSDAQ
405000,0,3838444,0,21264979760.0,0.0,KOSDAQ
041590,0,48972158,0,116064014460.0,0.0,KOSDAQ
367000,27795,8388207,100200975,30239486235.0,0.33,KOSDAQ
075130,98555,16622320,213371575,35987322800.0,0.59,KOSDAQ
237820,0,12827140,0,48486589200.0,0.0,KOSDAQ
023770,0,8946495,0,23976606600.0,0.0,KOSDAQ
019570,0,88050042,0,37861518060.0,0.0,KOSDAQ
300080,36842,16505451,333420100,149374331550.0,0.22,KOSDAQ
033790,59296,82331788,712144960,988804773880.0,0.07,KOSDAQ
032580,56785,33132064,480401100,280297261440.0,0.17,KOSDAQ
051380,0,15340072,0,31984050120.0,0.0,KOSDAQ
241820,0,2782098,0,16803871920.0,0.0,KOSDAQ
452450,441685,36028500,2694278500,219773850000.0,1.23,KOSDAQ
237750,0,6496600,0,31833340000.0,0.0,KOSDAQ
460940,158358,13455280,1251028200,106296712000.0,1.18,KOSDAQ
319660,368876,28966714,42346964800,3325378767200.0,1.27,KOSDAQ
031980,59927,21562395,7904371300,2844079900500.0,0.28,KOSDAQ
002230,90307,18705320,704394600,145901496000.0,0.48,KOSDAQ
043370,7694,21000000,103099600,281400000000.0,0.04,KOSDAQ
239890,42296,9935755,202174880,47492908900.0,0.43,KOSDAQ
347740,0,30010576,0,64972897040.0,0.0,KOSDAQ
137400,756702,23690728,36662211900,1147815771600.0,3.19,KOSDAQ
257370,0,12504861,0,32950308735.0,0.0,KOSDAQ
147760,0,10819866,0,103654316280.0,0.0,KOSDAQ
128660,41397,24803369,129779595,77758561815.0,0.17,KOSDAQ
006140,16868,14865000,108123880,95284650000.0,0.11,KOSDAQ
376180,0,18561038,0,41855140690.0,0.0,KOSDAQ
304840,0,24320660,0,30206259720.0,0.0,KOSDAQ
087600,0,8166558,0,44344409940.0,0.0,KOSDAQ
291810,0,11368712,0,15393236048.0,0.0,KOSDAQ
378340,151632,21625382,2645978400,377362915900.0,0.7,KOSDAQ
161580,731915,23442247,38205963000,1223685293400.0,3.12,KOSDAQ
347770,110410,22857042,192555040,39862681248.0,0.48,KOSDAQ
163730,14872,9406568,274090960,173363048240.0,0.16,KOSDAQ
417180,0,3509724,0,21549705360.0,0.0,KOSDAQ
469880,0,7305000,0,15303975000.0,0.0,KOSDAQ
469900,0,5605000,0,11602350000.0,0.0,KOSDAQ
475240,0,3200000,0,6672000000.0,0.0,KOSDAQ
475250,0,3700000,0,7677500000.0,0.0,KOSDAQ
484130,0,4520000,0,9198200000.0,0.0,KOSDAQ
0041L0,0,6030000,0,12060000000.0,0.0,KOSDAQ
0101C0,0,7740000,0,15418080000.0,0.0,KOSDAQ
299030,45009,7994910,1005951150,178686238500.0,0.56,KOSDAQ
067310,108412,66464226,5572376800,3416261216400.0,0.16,KOSDAQ
166090,1958,19777674,156640000,1582213920000.0,0.01,KOSDAQ
136480,369697,106209702,1101697060,316504911960.0,0.35,KOSDAQ
003380,1274644,112005621,15002559880,1318306159170.0,1.14,KOSDAQ
450330,39057,8186843,245668530,51495242470.0,0.48,KOSDAQ
101670,1418171,56777187,2555544142,102312490974.0,2.5,KOSDAQ
365590,99872,31005784,157697888,48958132936.0,0.32,KOSDAQ
149980,48353,21194363,262556790,115085391090.0,0.23,KOSDAQ
013030,0,11768144,0,466606909600.0,0.0,KOSDAQ
126700,0,14942112,0,233096947200.0,0.0,KOSDAQ
160190,43440,30888000,1650720000,1173744000000.0,0.14,KOSDAQ
221840,0,18700561,0,45255357620.0,0.0,KOSDAQ
106190,31095,10633173,491611950,168110465130.0,0.29,KOSDAQ
065650,0,21891975,0,46192067250.0,0.0,KOSDAQ
066130,0,12800000,0,49216000000.0,0.0,KOSDAQ
004590,0,15000000,0,102150000000.0,0.0,KOSDAQ
039340,0,22000000,0,106260000000.0,0.0,KOSDAQ
034950,0,4540514,0,468581044800.0,0.0,KOSDAQ
222980,0,11031483,0,24214105185.0,0.0,KOSDAQ
256840,2208261,68394886,7497046095,232200637970.0,3.23,KOSDAQ
219750,0,65426885,0,41873206400.0,0.0,KOSDAQ
025550,135781,25514004,497637365,93508824660.0,0.53,KOSDAQ
017890,46272,21273506,564055680,259324038140.0,0.22,KOSDAQ
080720,0,7912828,0,21562456300.0,0.0,KOSDAQ
041460,85219,19000000,321275630,71630000000.0,0.45,KOSDAQ
101680,0,8404000,0,25127960000.0,0.0,KOSDAQ
039740,0,8018397,0,40492904850.0,0.0,KOSDAQ
053300,124394,40591096,720241260,235022445840.0,0.31,KOSDAQ
025770,49378,37444271,461190520,349729491140.0,0.13,KOSDAQ
464440,0,4320000,0,9115200000.0,0.0,KOSDAQ
479880,0,6870000,0,14117850000.0,0.0,KOSDAQ
062970,633098,57088614,2598867290,234348760470.0,1.11,KOSDAQ
023760,0,315609576,0,257221804440.0,0.0,KOSDAQ
054040,0,16071290,0,85017124100.0,0.0,KOSDAQ
021650,0,16350563,0,33845665410.0,0.0,KOSDAQ
032300,79126,10906701,818954100,112884355350.0,0.73,KOSDAQ
037230,112941,29800327,220686714,58229838958.0,0.38,KOSDAQ
448900,46656,6074457,5043513600,656648801700.0,0.77,KOSDAQ
030520,223320,24179744,4578060000,495684752000.0,0.92,KOSDAQ
052600,60812,11563700,206760800,39316580000.0,0.53,KOSDAQ
256150,58871,8395000,307306620,43821900000.0,0.7,KOSDAQ
092460,74524,17109680,1576182600,361869732000.0,0.44,KOSDAQ
125490,141810,36502352,2290231500,589512984800.0,0.39,KOSDAQ
452190,271305,23920557,2089048500,184188288900.0,1.13,KOSDAQ
047080,105500,24822362,153186000,36042069624.0,0.43,KOSDAQ
452280,39971,19247670,1355016900,652496013000.0,0.21,KOSDAQ
066980,129821,51935125,292097250,116854031250.0,0.25,KOSDAQ
114810,75739,28593174,1232273530,465210940980.0,0.26,KOSDAQ
042520,170019,14261367,5270589000,442102377000.0,1.19,KOSDAQ
430690,25033,10895327,110771025,48211821975.0,0.23,KOSDAQ
078350,44012,15244382,1782486000,617397471000.0,0.29,KOSDAQ
045100,48871,17500000,1629847850,583625000000.0,0.28,KOSDAQ
320000,32097,6668810,425285250,88361732500.0,0.48,KOSDAQ
091440,62246,32471041,178023560,92867177260.0,0.19,KOSDAQ
276730,0,2214984,0,30411730320.0,0.0,KOSDAQ
024740,89725,32897049,252575875,92605192935.0,0.27,KOSDAQ
005860,302103,39403685,957666510,124909681450.0,0.77,KOSDAQ
007770,0,3510000,0,26711100000.0,0.0,KOSDAQ
198940,0,19461489,0,38300210352.0,0.0,KOSDAQ
058450,0,5013372,0,28576220400.0,0.0,KOSDAQ
107640,94134,9064946,4913794800,473190181200.0,1.04,KOSDAQ
079170,0,5200000,0,31408000000.0,0.0,KOSDAQ
054920,354884,28217081,2384820480,189618784320.0,1.26,KOSDAQ
457370,0,8062134,0,99244869540.0,0.0,KOSDAQ
002680,0,32316799,0,17741922651.0,0.0,KOSDAQ
098070,172272,11121141,6356836800,410370102900.0,1.55,KOSDAQ
408470,35036,10572000,378739160,114283320000.0,0.33,KOSDAQ
498390,0,4960000,0,10192800000.0,0.0,KOSDAQ
034810,34965,31580152,252097650,227692895920.0,0.11,KOSDAQ
03481K,0,1377453,0,9256484160.0,0.0,KOSDAQ
059270,65885,11165299,731982350,124046471890.0,0.59,KOSDAQ
076610,260441,53175440,670635575,136926758000.0,0.49,KOSDAQ
220180,0,23930842,0,41878973500.0,0.0,KOSDAQ
900270,0,24404704,0,22940421760.0,0.0,KOSDAQ
214180,50969,12993367,907248200,231281932600.0,0.39,KOSDAQ
234340,139903,13970656,4169109400,416325548800.0,1.0,KOSDAQ
084990,269678,46092797,1912017020,326797930730.0,0.59,KOSDAQ
170030,86869,15340000,504708890,89125400000.0,0.57,KOSDAQ
319400,306774,111376039,11611395900,4215583076150.0,0.28,KOSDAQ
048410,2898952,96505572,39512715760,1315370946360.0,3.0,KOSDAQ
052260,42725,30000000,171327250,120300000000.0,0.14,KOSDAQ
016790,196108,188471729,194931352,187340898626.0,0.1,KOSDAQ
041440,167257,17915944,1440082770,154256277840.0,0.93,KOSDAQ
039010,34019,8625000,318077650,80643750000.0,0.39,KOSDAQ
090850,66317,22477903,340869380,115536421420.0,0.3,KOSDAQ
460930,671132,35510671,11912593000,630314410250.0,1.89,KOSDAQ
092300,0,19175642,0,82359382390.0,0.0,KOSDAQ
011080,0,4296262,0,12673972900.0,0.0,KOSDAQ
308100,0,24023008,0,19002199328.0,0.0,KOSDAQ
064240,167200,34694251,319686400,66335407912.0,0.48,KOSDAQ
039610,112028,10410400,885021200,82242160000.0,1.08,KOSDAQ
126640,0,35055910,0,64467818490.0,0.0,KOSDAQ
127980,0,11840684,0,61926777320.0,0.0,KOSDAQ
061250,50559,8417584,440368890,73317156640.0,0.6,KOSDAQ
097870,25600,8490000,153856000,51024900000.0,0.3,KOSDAQ
290270,0,9607672,0,35884654920.0,0.0,KOSDAQ
353190,0,7875684,0,21500617320.0,0.0,KOSDAQ
090710,3065886,119457197,36208113660,1410789496570.0,2.57,KOSDAQ
078590,0,99918197,0,52457053425.0,0.0,KOSDAQ
205470,63779,25875001,267871800,108675004200.0,0.25,KOSDAQ
115160,0,4312142,0,33936557540.0,0.0,KOSDAQ
028080,0,2287941,0,19378860270.0,0.0,KOSDAQ
175140,47504,24944253,174814720,91794851040.0,0.19,KOSDAQ
200670,0,11229930,0,327913956000.0,0.0,KOSDAQ
065510,89287,11485863,644652140,82927930860.0,0.78,KOSDAQ
263920,0,9809026,0,32909282230.0,0.0,KOSDAQ
243070,11353,11979665,364998950,385146229750.0,0.09,KOSDAQ
084110,48902,12659812,1736021000,449423326000.0,0.39,KOSDAQ
145020,47161,12304033,12285440500,3205200596500.0,0.38,KOSDAQ
024060,50540,15000000,672182000,199500000000.0,0.34,KOSDAQ
010240,0,11706000,0,65319480000.0,0.0,KOSDAQ
189980,0,40137827,0,54828271682.0,0.0,KOSDAQ
037440,67166,13922475,388891140,80611130250.0,0.48,KOSDAQ
238490,57500,11312236,183137500,36029471660.0,0.51,KOSDAQ
